5 0 100 6 1
1 1 100 6 0.500192
2 1 100 6 0.499808
3 2 100 6 1
2 3 100 6 0.000765624
4 3 100 6 0.999234
5 4 100 6 1
5 5 100 6 2.70713e-05
6 5 100 6 0.999973
6 0 100 7 1
1 1 100 7 0.666954
2 1 100 7 0.333046
1 2 100 7 0.199586
2 2 100 7 0.400207
3 2 100 7 0.200104
4 2 100 7 0.200104
3 3 100 7 0.333333
4 3 100 7 0.333333
5 3 100 7 0.333333
3 4 100 7 0.2
4 4 100 7 0.2
5 4 100 7 0.4
6 4 100 7 0.2
6 5 100 7 0.66666
7 5 100 7 0.33334
6 6 100 7 2.7057e-05
7 6 100 7 0.999973
2 0 100 8 0.980068
6 0 100 8 0.0199316
1 1 100 8 0.666843
2 1 100 8 0.333157
2 2 100 8 0.286105
3 2 100 8 0.284738
4 2 100 8 0.286105
8 2 100 8 0.143052
3 3 100 8 0.4
5 3 100 8 0.4
6 3 100 8 0.2
3 4 100 8 0.00190715
4 4 100 8 0.399237
5 4 100 8 0.199619
7 4 100 8 0.399237
5 5 100 8 0.200001
6 5 100 8 0.599997
8 5 100 8 0.200001
7 6 100 8 1
7 7 100 8 2.7092e-05
8 7 100 8 0.999973
4 0 100 9 1
1 1 100 9 1
2 2 100 9 1
3 3 100 9 0.545449
4 3 100 9 0.272728
6 3 100 9 0.0909112
8 3 100 9 0.0909112
2 4 100 9 8.98661e-06
3 4 100 9 0.111142
4 4 100 9 0.444368
5 4 100 9 0.444481
5 5 100 9 0.212773
6 5 100 9 0.361681
7 5 100 9 0.354622
8 5 100 9 0.0709244
6 6 100 9 0.12981
7 6 100 9 0.288313
8 6 100 9 0.43772
9 6 100 9 0.144157
8 7 100 9 0.329257
9 7 100 9 0.670743
8 8 100 9 1.2194e-05
9 8 100 9 0.999988
3 0 100 10 0.00675306
5 0 100 10 0.0125232
6 0 100 10 0.022586
7 0 100 10 0.875396
9 0 100 10 0.0817145
10 0 100 10 0.00102757
1 1 100 10 0.888886
2 1 100 10 0.111111
4 1 100 10 3.60105e-06
1 2 100 10 0.0834445
2 2 100 10 0.584111
3 2 100 10 0.249
4 2 100 10 0.0834445
3 3 100 10 0.357205
4 3 100 10 0.285678
5 3 100 10 0.142847
6 3 100 10 0.0714233
8 3 100 10 0.142847
3 4 100 10 0.0846705
4 4 100 10 0.333742
5 4 100 10 0.333496
7 4 100 10 0.164919
9 4 100 10 0.0831713
2 5 100 10 0.0666506
5 5 100 10 0.200189
6 5 100 10 0.466513
7 5 100 10 0.0666506
8 5 100 10 0.0666506
9 5 100 10 0.0666966
10 5 100 10 0.0666506
6 6 100 10 0.100295
7 6 100 10 0.498375
8 6 100 10 0.200591
9 6 100 10 0.100444
10 6 100 10 0.100295
7 7 100 10 0.114214
8 7 100 10 0.443149
9 7 100 10 0.331849
10 7 100 10 0.110787
9 8 100 10 0.500294
10 8 100 10 0.499706
9 9 100 10 1.80616e-05
10 9 100 10 0.999982
4 10 100 10 1
3 0 100 11 1
1 1 100 11 0.961273
2 1 100 11 0.0387268
2 2 100 11 0.499948
3 2 100 11 7.08836e-06
4 2 100 11 0.500045
3 3 100 11 0.499765
5 3 100 11 0.500235
4 4 100 11 0.33329
6 4 100 11 0.333355
7 4 100 11 0.333355
6 5 100 11 0.333333
8 5 100 11 0.666667
7 6 100 11 0.333333
9 6 100 11 0.666667
2 7 100 11 0.314934
10 7 100 11 0.685066
11 8 100 11 1
11 0 100 12 0.997777
12 0 100 12 0.0022234
1 1 100 12 0.999907
2 1 100 12 9.30058e-05
2 2 100 12 0.795632
3 2 100 12 0.204365
10 2 100 12 3.57532e-06
2 3 100 12 0.142857
3 3 100 12 0.428571
4 3 100 12 0.142857
6 3 100 12 0.142857
8 3 100 12 0.142857
3 4 100 12 0.14287
4 4 100 12 0.428611
5 4 100 12 0.142779
7 4 100 12 0.14287
9 4 100 12 0.14287
4 5 100 12 0.128251
5 5 100 12 0.316901
6 5 100 12 0.384754
7 5 100 12 0.0418425
10 5 100 12 0.128251
5 6 100 12 0.0738675
7 6 100 12 0.512313
8 6 100 12 0.132427
9 6 100 12 0.139452
11 6 100 12 0.14194
8 7 100 12 0.249991
9 7 100 12 0.249991
10 7 100 12 0.374987
11 7 100 12 3.5057e-05
12 7 100 12 0.124996
2 8 100 12 0.0176765
8 8 100 12 0.174595
10 8 100 12 0.166219
11 8 100 12 0.475334
12 8 100 12 0.166176
9 9 100 12 0.333337
11 9 100 12 0.333326
12 9 100 12 0.333337
5 10 100 12 0.499994
11 10 100 12 1.14231e-05
12 10 100 12 0.499994
6 11 100 12 1
12 12 100 12 1
3 0 100 13 0.000137318
7 0 100 13 0.997973
8 0 100 13 0.000170854
10 0 100 13 0.000340314
12 0 100 13 0.00134855
13 0 100 13 2.96533e-05
1 1 100 13 0.571415
2 1 100 13 0.285707
3 1 100 13 0.142878
1 2 100 13 0.166667
2 2 100 13 0.333333
4 2 100 13 0.5
2 3 100 13 0.199999
3 3 100 13 0.199989
5 3 100 13 0.599997
8 3 100 13 1.00928e-05
9 3 100 13 5.36811e-06
3 4 100 13 0.333333
4 4 100 13 0.166667
5 4 100 13 0.166667
6 4 100 13 0.333333
3 5 100 13 0.142819
4 5 100 13 0.142863
5 5 100 13 0.142863
6 5 100 13 0.285727
10 5 100 13 0.285727
6 6 100 13 0.092639
7 6 100 13 0.35153
8 6 100 13 0.092639
9 6 100 13 0.277914
11 6 100 13 0.185278
3 7 100 13 5.27473e-06
8 7 100 13 0.427992
9 7 100 13 0.107004
10 7 100 13 0.14399
11 7 100 13 0.107004
12 7 100 13 0.214005
9 8 100 13 0.150395
10 8 100 13 0.0983588
11 8 100 13 0.150395
12 8 100 13 0.300061
13 8 100 13 0.30079
10 9 100 13 0.332942
12 9 100 13 0.00117311
13 9 100 13 0.665885
7 10 100 13 0.0670703
11 10 100 13 0.93293
12 11 100 13 1
13 12 100 13 1
7 13 100 13 1
2 0 100 14 0.000403467
3 0 100 14 0.000138956
7 0 100 14 0.000329526
10 0 100 14 0.000430831
13 0 100 14 0.996475
14 0 100 14 0.00222208
1 1 100 14 0.9
3 1 100 14 0.1
2 2 100 14 0.514837
3 2 100 14 0.349265
4 2 100 14 0.061968
8 2 100 14 0.0332507
10 2 100 14 0.0402795
11 2 100 14 0.000400048
2 3 100 14 0.0450403
3 3 100 14 0.241862
4 3 100 14 0.594246
5 3 100 14 0.118849
10 3 100 14 2.45355e-06
4 4 100 14 0.25
5 4 100 14 0.5
6 4 100 14 0.0833333
7 4 100 14 0.0833333
8 4 100 14 0.0833333
5 5 100 14 0.142824
6 5 100 14 0.499957
7 5 100 14 0.142883
8 5 100 14 0.0714451
9 5 100 14 0.14289
6 6 100 14 0.0646506
7 6 100 14 0.258602
8 6 100 14 0.288777
9 6 100 14 0.0647176
10 6 100 14 0.129301
11 6 100 14 0.193952
2 7 100 14 0.000146195
6 7 100 14 0.00015762
8 7 100 14 0.142622
9 7 100 14 0.357071
10 7 100 14 0.0714291
11 7 100 14 0.142858
12 7 100 14 0.285716
2 8 100 14 0.0198119
3 8 100 14 0.0209572
7 8 100 14 0.127507
9 8 100 14 0.0637536
10 8 100 14 0.340847
11 8 100 14 0.190849
12 8 100 14 0.0637536
13 8 100 14 0.108809
14 8 100 14 0.0637119
5 9 100 14 0.000103257
10 9 100 14 0.00039294
11 9 100 14 0.111057
12 9 100 14 0.444229
13 9 100 14 0.333161
14 9 100 14 0.111057
13 10 100 14 0.571431
14 10 100 14 0.42857
13 11 100 14 4.17713e-06
14 11 100 14 0.999996
4 0 100 15 0.104134
6 0 100 15 0.00374112
7 0 100 15 0.0331432
8 0 100 15 0.000615253
9 0 100 15 0.0048359
10 0 100 15 0.833568
12 0 100 15 0.00581303
14 0 100 15 0.0141496
1 1 100 15 0.999614
12 1 100 15 0.000386338
1 2 100 15 0.0574825
2 2 100 15 0.75904
3 2 100 15 0.0750422
4 2 100 15 0.108435
2 3 100 15 0.16683
3 3 100 15 0.416096
4 3 100 15 0.250245
5 3 100 15 0.0834149
7 3 100 15 0.0834149
1 4 100 15 0.0532525
3 4 100 15 0.255256
4 4 100 15 0.152848
5 4 100 15 0.230847
6 4 100 15 0.230847
7 4 100 15 0.0769491
4 5 100 15 0.207562
5 5 100 15 0.15166
6 5 100 15 0.165743
7 5 100 15 0.0958838
8 5 100 15 0.22749
9 5 100 15 0.15166
2 6 100 15 2.46739e-06
3 6 100 15 5.62578e-06
5 6 100 15 0.142902
6 6 100 15 0.071451
7 6 100 15 0.214042
8 6 100 15 0.071451
9 6 100 15 0.142902
10 6 100 15 0.142902
11 6 100 15 0.142896
12 6 100 15 0.0714459
3 7 100 15 0.000151454
5 7 100 15 0.0624652
6 7 100 15 0.126376
7 7 100 15 0.126376
8 7 100 15 0.126376
9 7 100 15 0.0631882
10 7 100 15 0.11966
11 7 100 15 0.126376
12 7 100 15 0.185841
13 7 100 15 0.0631882
5 8 100 15 0.000955866
8 8 100 15 0.167194
9 8 100 15 0.0121762
10 8 100 15 0.2508
11 8 100 15 0.2508
12 8 100 15 0.00469045
13 8 100 15 0.229786
14 8 100 15 0.0835969
4 9 100 15 0.0203834
6 9 100 15 0.0631201
7 9 100 15 0.0570507
9 9 100 15 0.221342
10 9 100 15 0.0761031
11 9 100 15 0.0775684
12 9 100 15 0.154689
13 9 100 15 0.0194968
14 9 100 15 0.232684
15 9 100 15 0.0775626
8 10 100 15 0.0907413
9 10 100 15 0.0907139
10 10 100 15 0.00143733
12 10 100 15 0.181914
13 10 100 15 0.272224
14 10 100 15 0.0907458
15 10 100 15 0.272224
9 11 100 15 2.90254e-05
10 11 100 15 0.16673
13 11 100 15 0.16675
14 11 100 15 0.499741
15 11 100 15 0.16675
9 12 100 15 3.19563e-05
10 12 100 15 2.96121e-05
11 12 100 15 0.249852
14 12 100 15 0.000526196
15 12 100 15 0.74956
12 13 100 15 1
13 14 100 15 0.500711
14 14 100 15 0.499289
14 15 100 15 0.00195946
15 15 100 15 0.998041
3 0 100 16 0.862613
6 0 100 16 0.00787408
8 0 100 16 0.125855
15 0 100 16 0.00365744
1 1 100 16 0.749883
2 1 100 16 0.250116
1 2 100 16 0.210426
2 2 100 16 0.579215
7 2 100 16 0.21036
2 3 100 16 0.0760163
3 3 100 16 0.615511
6 3 100 16 0.308022
8 3 100 16 0.000450091
3 4 100 16 0.24998
4 4 100 16 0.749941
7 4 100 16 7.85688e-05
3 5 100 16 1.17873e-05
4 5 100 16 0.192762
5 5 100 16 0.771048
6 5 100 16 0.0361752
8 5 100 16 3.01843e-06
6 6 100 16 0.483736
7 6 100 16 0.344176
8 6 100 16 0.172088
3 7 100 16 0.000264516
8 7 100 16 0.333002
9 7 100 16 0.16675
10 7 100 16 0.333322
13 7 100 16 0.166661
7 8 100 16 0.0909209
9 8 100 16 0.272633
10 8 100 16 0.0909209
11 8 100 16 0.272763
13 8 100 16 0.0909209
14 8 100 16 0.181842
8 9 100 16 0.2
10 9 100 16 0.2
12 9 100 16 0.4
15 9 100 16 0.2
3 10 100 16 0.199488
9 10 100 16 0.000179628
11 10 100 16 0.200083
12 10 100 16 0.400166
15 10 100 16 0.200083
13 11 100 16 0.5
16 11 100 16 0.5
6 12 100 16 0.000443558
14 12 100 16 0.666371
15 12 100 16 0.333185
15 13 100 16 0.49999
16 13 100 16 0.50001
15 14 100 16 2.70773e-05
16 14 100 16 0.999973
2 0 100 17 0.00015728
3 0 100 17 0.113604
5 0 100 17 0.0153501
7 0 100 17 9.10979e-06
9 0 100 17 0.00051454
11 0 100 17 0.862129
16 0 100 17 0.00823551
1 1 100 17 1
1 2 100 17 0.111115
2 2 100 17 0.666655
3 2 100 17 0.22223
2 3 100 17 0.101335
3 3 100 17 0.493324
4 3 100 17 0.304006
5 3 100 17 0.101335
4 4 100 17 0.343207
5 4 100 17 0.341444
6 4 100 17 0.171604
7 4 100 17 0.143481
11 4 100 17 0.000263963
5 5 100 17 0.193868
6 5 100 17 0.290402
7 5 100 17 0.225328
8 5 100 17 0.290402
2 6 100 17 1.47984e-05
6 6 100 17 0.222234
8 6 100 17 0.333351
9 6 100 17 0.222167
10 6 100 17 0.111117
11 6 100 17 0.111117
7 7 100 17 0.110588
9 7 100 17 0.331765
10 7 100 17 0.110588
11 7 100 17 0.00470603
12 7 100 17 0.221176
13 7 100 17 0.110588
14 7 100 17 0.110588
7 8 100 17 0.198527
8 8 100 17 0.100103
9 8 100 17 0.100103
10 8 100 17 0.100103
11 8 100 17 0.200855
13 8 100 17 0.100103
14 8 100 17 0.100103
15 8 100 17 0.100103
9 9 100 17 0.0999538
10 9 100 17 0.299861
11 9 100 17 0.000832285
12 9 100 17 0.199908
13 9 100 17 0.0999537
15 9 100 17 0.0999538
16 9 100 17 0.199537
7 10 100 17 0.00168399
10 10 100 17 0.100409
11 10 100 17 0.194749
12 10 100 17 0.200816
13 10 100 17 0.100409
14 10 100 17 0.200818
16 10 100 17 0.000295979
17 10 100 17 0.200818
11 11 100 17 0.142857
12 11 100 17 0.14286
13 11 100 17 0.285713
14 11 100 17 0.142857
15 11 100 17 0.285713
13 12 100 17 0.128669
14 12 100 17 0.257338
15 12 100 17 0.231319
16 12 100 17 0.382673
15 13 100 17 0.28493
16 13 100 17 0.00406452
17 13 100 17 0.711006
16 14 100 17 1
16 15 100 17 2.40741e-05
17 15 100 17 0.999976
2 0 100 18 0.0878737
11 0 100 18 0.0395253
17 0 100 18 0.870669
18 0 100 18 0.00193229
1 1 100 18 0.999765
7 1 100 18 6.97635e-05
11 1 100 18 0.000165807
1 2 100 18 0.167663
2 2 100 18 0.49701
3 2 100 18 0.167663
4 2 100 18 0.167663
2 3 100 18 0.282548
3 3 100 18 0.562618
4 3 100 18 0.141274
5 3 100 18 0.0135596
3 4 100 18 0.00425134
4 4 100 18 0.509591
5 4 100 18 0.230338
6 4 100 18 0.000941505
7 4 100 18 0.254847
17 4 100 18 3.09535e-05
4 5 100 18 0.2
5 5 100 18 0.6
6 5 100 18 0.2
3 6 100 18 0.000170807
6 6 100 18 0.599626
7 6 100 18 0.200081
9 6 100 18 0.200122
5 7 100 18 0.163802
7 7 100 18 0.334451
8 7 100 18 0.334498
10 7 100 18 0.167249
5 8 100 18 0.00256561
6 8 100 18 0.00174871
8 8 100 18 0.124461
9 8 100 18 0.248921
10 8 100 18 0.124461
11 8 100 18 0.248921
13 8 100 18 0.124461
14 8 100 18 0.124461
6 9 100 18 0.110068
8 9 100 18 0.111636
9 9 100 18 0.111636
10 9 100 18 0.223272
12 9 100 18 0.223272
13 9 100 18 0.111636
15 9 100 18 0.10848
8 10 100 18 0.0908591
9 10 100 18 0.0907942
11 10 100 18 0.1802
12 10 100 18 0.181718
13 10 100 18 0.0908591
14 10 100 18 0.0908591
15 10 100 18 0.0934275
16 10 100 18 0.0908591
17 10 100 18 0.0904234
9 11 100 18 8.92071e-05
10 11 100 18 0.12494
13 11 100 18 0.12494
14 11 100 18 0.12494
15 11 100 18 0.249881
16 11 100 18 0.12494
17 11 100 18 0.125329
18 11 100 18 0.12494
7 12 100 18 0.166667
11 12 100 18 0.166667
14 12 100 18 0.166667
16 12 100 18 0.333333
18 12 100 18 0.166667
12 13 100 18 0.274166
17 13 100 18 0.451883
18 13 100 18 0.273951
13 14 100 18 0.33333
14 14 100 18 0.33333
17 14 100 18 8.84653e-06
18 14 100 18 0.33333
15 15 100 18 0.5
16 15 100 18 0.5
17 16 100 18 1
17 17 100 18 2.56582e-05
18 17 100 18 0.999974
2 0 100 19 0.141103
3 0 100 19 0.237204
6 0 100 19 0.210448
8 0 100 19 8.65628e-05
9 0 100 19 0.354222
12 0 100 19 0.0547714
16 0 100 19 0.00200866
18 0 100 19 0.000156501
1 1 100 19 1
1 2 100 19 0.203692
2 2 100 19 0.592616
3 2 100 19 0.203692
2 3 100 19 0.140893
3 3 100 19 0.154642
4 3 100 19 0.140893
5 3 100 19 0.281786
6 3 100 19 0.140893
18 3 100 19 0.140893
3 4 100 19 0.143634
4 4 100 19 0.430903
6 4 100 19 0.119828
7 4 100 19 0.287268
16 4 100 19 0.0183665
3 5 100 19 0.14836
5 5 100 19 0.345028
8 5 100 19 0.172514
9 5 100 19 0.334098
6 6 100 19 0.4
8 6 100 19 0.2
10 6 100 19 0.2
11 6 100 19 0.2
7 7 100 19 0.4
10 7 100 19 0.2
12 7 100 19 0.2
15 7 100 19 0.2
8 8 100 19 0.222217
11 8 100 19 0.111112
13 8 100 19 0.222224
14 8 100 19 0.222224
16 8 100 19 0.111112
17 8 100 19 0.111112
2 9 100 19 0.0129339
9 9 100 19 0.395604
12 9 100 19 0.195864
15 9 100 19 0.197802
18 9 100 19 0.197795
6 10 100 19 0.0182996
10 10 100 19 0.285719
12 10 100 19 0.142859
16 10 100 19 0.124541
17 10 100 19 0.142859
18 10 100 19 0.142862
19 10 100 19 0.142859
11 11 100 19 0.4
12 11 100 19 0.2
17 11 100 19 0.2
19 11 100 19 0.2
13 12 100 19 1
14 13 100 19 0.499663
15 13 100 19 0.000674558
16 13 100 19 0.499663
14 14 100 19 0.333483
15 14 100 19 0.333033
17 14 100 19 0.333483
15 15 100 19 0.5
16 15 100 19 0.5
18 16 100 19 0.499989
19 16 100 19 0.500011
8 17 100 19 2.69147e-05
18 17 100 19 2.70896e-05
19 17 100 19 0.999946
3 0 100 20 0.0155367
5 0 100 20 1.17281e-05
6 0 100 20 0.268977
7 0 100 20 1.42494e-05
9 0 100 20 0.00344241
12 0 100 20 0.269047
13 0 100 20 0.264694
14 0 100 20 0.0172186
15 0 100 20 2.51115e-05
19 0 100 20 0.160676
20 0 100 20 0.00035808
1 1 100 20 0.857143
2 1 100 20 0.142857
1 2 100 20 0.110696
2 2 100 20 0.342221
3 2 100 20 0.436388
4 2 100 20 0.110696
2 3 100 20 0.18059
3 3 100 20 0.180589
4 3 100 20 0.270884
5 3 100 20 0.18059
7 3 100 20 0.0067576
18 3 100 20 0.0902948
19 3 100 20 0.0902948
3 4 100 20 0.0915327
4 4 100 20 0.183065
5 4 100 20 0.0915283
6 4 100 20 0.366131
7 4 100 20 0.17621
8 4 100 20 0.0915327
4 5 100 20 0.0999927
5 5 100 20 0.399971
7 5 100 20 0.199985
9 5 100 20 0.0999927
10 5 100 20 0.0999927
11 5 100 20 0.0999927
12 5 100 20 7.29816e-05
2 6 100 20 0.0762683
6 6 100 20 0.167909
7 6 100 20 0.0839544
8 6 100 20 0.251863
11 6 100 20 0.16807
13 6 100 20 0.0840264
15 6 100 20 0.0839544
17 6 100 20 0.0839544
7 7 100 20 0.0770031
8 7 100 20 0.154006
9 7 100 20 0.306972
10 7 100 20 0.154006
12 7 100 20 0.154006
14 7 100 20 0.0770031
16 7 100 20 0.0770031
8 8 100 20 0.0827655
9 8 100 20 0.082824
10 8 100 20 0.248296
11 8 100 20 0.165531
13 8 100 20 0.165531
14 8 100 20 0.0827655
15 8 100 20 0.0827655
16 8 100 20 0.0827655
19 8 100 20 0.00675607
10 9 100 20 0.0717684
11 9 100 20 0.143399
12 9 100 20 0.143518
13 9 100 20 0.0717684
14 9 100 20 0.210711
15 9 100 20 0.215299
17 9 100 20 0.0717684
18 9 100 20 0.0717684
9 10 100 20 0.0860579
12 10 100 20 0.172053
13 10 100 20 0.0859841
14 10 100 20 0.0860579
16 10 100 20 0.172116
17 10 100 20 0.0860579
18 10 100 20 0.0860579
19 10 100 20 0.13963
20 10 100 20 0.0859855
15 11 100 20 0.125
16 11 100 20 0.125
17 11 100 20 0.375
18 11 100 20 0.25
20 11 100 20 0.125
7 12 100 20 0.147155
13 12 100 20 0.00234318
16 12 100 20 0.147155
18 12 100 20 0.147155
19 12 100 20 0.409109
20 12 100 20 0.147083
15 13 100 20 0.144543
16 13 100 20 0.144543
17 13 100 20 0.144543
18 13 100 20 0.144543
19 13 100 20 0.132744
20 13 100 20 0.289085
14 14 100 20 0.5
20 14 100 20 0.5
15 15 100 20 1
20 16 100 20 1
13 17 100 20 1
3 0 100 21 0.00513508
8 0 100 21 0.9942
17 0 100 21 0.000462943
20 0 100 21 0.000202372
1 1 100 21 1
1 2 100 21 0.135724
2 2 100 21 0.72023
4 2 100 21 0.144046
3 3 100 21 0.204911
4 3 100 21 0.264761
5 3 100 21 0.132381
8 3 100 21 2.77043e-06
9 3 100 21 0.13295
10 3 100 21 0.26419
15 3 100 21 0.000803968
3 4 100 21 0.3317
4 4 100 21 0.16585
6 4 100 21 0.16585
7 4 100 21 0.170749
11 4 100 21 0.16585
3 5 100 21 0.0530469
4 5 100 21 0.118812
5 5 100 21 0.47525
6 5 100 21 0.118812
7 5 100 21 0.234078
6 6 100 21 0.193133
7 6 100 21 0.128882
8 6 100 21 0.257685
9 6 100 21 0.257685
17 6 100 21 0.098066
19 6 100 21 0.0645489
3 7 100 21 1.0765e-05
7 7 100 21 0.10071
8 7 100 21 0.194308
9 7 100 21 0.100277
10 7 100 21 0.201855
11 7 100 21 0.10071
12 7 100 21 0.20142
13 7 100 21 0.10071
6 8 100 21 0.144918
11 8 100 21 0.420494
12 8 100 21 0.289671
14 8 100 21 0.144918
9 9 100 21 0.2
12 9 100 21 0.2
13 9 100 21 0.4
15 9 100 21 0.2
10 10 100 21 0.166656
13 10 100 21 0.16672
14 10 100 21 0.333312
16 10 100 21 0.333312
3 11 100 21 0.00136289
8 11 100 21 4.15218e-05
12 11 100 21 0.000138906
14 11 100 21 0.240941
15 11 100 21 0.243822
16 11 100 21 0.121911
17 11 100 21 0.269896
18 11 100 21 0.121888
3 12 100 21 0.00663899
14 12 100 21 0.00528284
18 12 100 21 0.65874
19 12 100 21 0.329338
6 13 100 21 0.111451
11 13 100 21 0.0218898
15 13 100 21 0.305305
17 13 100 21 0.00544697
19 13 100 21 0.333458
20 13 100 21 0.222449
3 14 100 21 0.210684
14 14 100 21 0.00165185
15 14 100 21 0.135169
20 14 100 21 0.434996
21 14 100 21 0.2175
16 15 100 21 0.497705
20 15 100 21 3.9918e-06
21 15 100 21 0.50229
16 16 100 21 0.0114737
17 16 100 21 0.988526
16 17 100 21 0.00349181
17 17 100 21 0.498254
18 17 100 21 0.498254
17 18 100 21 0.0152017
18 18 100 21 0.492399
19 18 100 21 0.492399
19 19 100 21 0.333524
20 19 100 21 0.666476
20 20 100 21 0.000752595
21 20 100 21 0.999247
13 21 100 21 1
11 0 100 22 0.0224845
17 0 100 22 0.976691
21 0 100 22 0.000824217
1 1 100 22 0.989845
11 1 100 22 0.0101548
2 2 100 22 1
3 3 100 22 1
3 4 100 22 0.154862
5 4 100 22 0.845123
10 4 100 22 1.48262e-05
4 5 100 22 0.666523
6 5 100 22 0.333263
7 5 100 22 0.000214059
5 6 100 22 0.333405
7 6 100 22 0.333191
9 6 100 22 0.333405
6 7 100 22 0.250001
8 7 100 22 0.250001
10 7 100 22 0.249997
11 7 100 22 0.250001
7 8 100 22 0.5
12 8 100 22 0.5
8 9 100 22 0.5
13 9 100 22 0.5
9 10 100 22 0.25
14 10 100 22 0.25
16 10 100 22 0.25
21 10 100 22 0.25
1 11 100 22 0.25
10 11 100 22 0.25
15 11 100 22 0.25
18 11 100 22 0.25
12 12 100 22 0.5
19 12 100 22 0.5
13 13 100 22 0.333723
20 13 100 22 0.333723
21 13 100 22 0.332554
14 14 100 22 0.499336
21 14 100 22 0.00132839
22 14 100 22 0.499336
15 15 100 22 1
16 16 100 22 1
17 17 100 22 1
18 18 100 22 1
19 19 100 22 1
20 20 100 22 1
22 21 100 22 1
11 22 100 22 1
22 0 100 23 1
1 1 100 23 1
2 2 100 23 1
3 3 100 23 1
5 4 100 23 0.499997
6 4 100 23 0.499997
14 4 100 23 6.56194e-06
7 5 100 23 1
8 6 100 23 0.5
9 6 100 23 0.5
10 7 100 23 1
11 8 100 23 0.499995
12 8 100 23 0.499995
19 8 100 23 9.37256e-06
4 9 100 23 0.5
13 9 100 23 0.5
15 10 100 23 1
16 11 100 23 1
14 12 100 23 0.33316
17 12 100 23 0.333165
18 12 100 23 0.333165
19 12 100 23 0.000510784
20 13 100 23 1
19 14 100 23 0.499612
21 14 100 23 0.500388
22 15 100 23 1
22 16 100 23 2.70492e-05
23 16 100 23 0.999973
6 0 100 24 0.000663645
10 0 100 24 8.64677e-05
11 0 100 24 0.24122
15 0 100 24 0.000759944
19 0 100 24 0.757211
24 0 100 24 5.9167e-05
1 1 100 24 0.4
2 1 100 24 0.4
3 1 100 24 0.2
4 2 100 24 0.406096
5 2 100 24 0.406096
6 2 100 24 0.187807
3 3 100 24 0.333333
6 3 100 24 0.333333
7 3 100 24 0.333333
6 4 100 24 0.0357614
8 4 100 24 0.964239
7 5 100 24 0.2
9 5 100 24 0.4
10 5 100 24 0.2
11 5 100 24 0.2
12 6 100 24 1
10 7 100 24 0.499971
13 7 100 24 0.500029
13 8 100 24 0.333333
14 8 100 24 0.333333
16 8 100 24 0.333333
14 9 100 24 0.20004
15 9 100 24 0.39988
17 9 100 24 0.40008
16 10 100 24 0.333336
18 10 100 24 0.666664
18 11 100 24 7.61368e-06
20 11 100 24 0.666662
21 11 100 24 0.333331
19 12 100 24 0.25
21 12 100 24 0.25
22 12 100 24 0.5
11 13 100 24 0.0797523
23 13 100 24 0.920248
11 14 100 24 0.201718
23 14 100 24 0.00655615
24 14 100 24 0.791726
3 0 100 26 1
2 1 100 26 0.347539
3 1 100 26 0.652461
1 2 100 26 0.427006
2 2 100 26 0.33055
3 2 100 26 0.242444
4 3 100 26 1
5 4 100 26 0.99978
6 4 100 26 0.000220362
7 5 100 26 1
11 6 100 26 1
8 7 100 26 1
9 8 100 26 1
12 9 100 26 1
13 10 100 26 1
14 11 100 26 0.333333
15 11 100 26 0.333333
16 11 100 26 0.333333
10 12 100 26 0.000240617
17 12 100 26 0.999759
18 13 100 26 0.5
19 13 100 26 0.5
20 14 100 26 1
21 15 100 26 0.993601
24 15 100 26 0.00639922
6 16 100 26 0.001275
10 16 100 26 0.00461372
17 16 100 26 0.000348766
22 16 100 26 0.993762
23 17 100 26 1
21 18 100 26 0.00673794
24 18 100 26 0.993262
10 19 100 26 0.497236
17 19 100 26 0.00144196
22 19 100 26 0.00165366
25 19 100 26 0.499668
26 20 100 26 1
3 21 100 26 1.37426e-05
6 21 100 26 0.999986
3 0 100 27 0.925063
6 0 100 27 0.073264
26 0 100 27 0.00167252
2 1 100 27 1
1 2 100 27 1
2 3 100 27 0.00760374
4 3 100 27 0.992396
3 4 100 27 0.13701
5 4 100 27 0.443637
6 4 100 27 0.419352
7 5 100 27 1
8 6 100 27 1
9 7 100 27 1
11 8 100 27 1
12 9 100 27 1
10 10 100 27 0.333333
13 10 100 27 0.333333
15 10 100 27 0.333333
14 11 100 27 0.5
16 11 100 27 0.5
17 12 100 27 1
18 13 100 27 0.5
19 13 100 27 0.5
20 14 100 27 1
21 15 100 27 1
22 16 100 27 1
23 17 100 27 1
24 18 100 27 1
25 19 100 27 0.500344
26 19 100 27 0.499656
26 20 100 27 0.000125331
27 20 100 27 0.999875
2 21 100 27 1
29 0 100 30 1
1 1 100 30 0.5
4 1 100 30 0.5
2 2 100 30 0.908863
14 2 100 30 0.0911372
3 3 100 30 0.5
5 3 100 30 0.5
6 4 100 30 1
7 5 100 30 0.5
8 5 100 30 0.5
9 6 100 30 1
10 7 100 30 1
11 8 100 30 0.5
12 8 100 30 0.5
13 9 100 30 0.526392
14 9 100 30 0.473608
15 10 100 30 0.5
16 10 100 30 0.5
17 11 100 30 1
18 12 100 30 1
19 13 100 30 1
20 14 100 30 1
21 15 100 30 1
22 16 100 30 1
23 17 100 30 1
23 18 100 30 1
24 19 100 30 1
26 20 100 30 0.629944
27 20 100 30 0.370056
25 21 100 30 0.707936
27 21 100 30 0.292064
28 22 100 30 1
29 23 100 30 1
29 24 100 30 1.31982e-05
30 24 100 30 0.999987
4 0 100 31 1
4 1 100 31 0.988583
19 1 100 31 0.0114169
5 2 100 31 1
2 3 100 31 0.998282
4 3 100 31 0.00171841
1 4 100 31 0.5
3 4 100 31 0.5
6 5 100 31 1
7 6 100 31 1
8 7 100 31 0.5
10 7 100 31 0.5
11 8 100 31 1
4 9 100 31 0.0344137
9 9 100 31 0.965586
12 10 100 31 1
13 11 100 31 0.5
15 11 100 31 0.5
14 12 100 31 0.315768
19 12 100 31 0.678259
21 12 100 31 0.00597303
16 13 100 31 1
14 14 100 31 1
17 15 100 31 1
18 16 100 31 0.337103
19 16 100 31 0.32589
21 16 100 31 0.337007
22 17 100 31 1
23 18 100 31 1
24 19 100 31 0.5
25 19 100 31 0.5
30 20 100 31 1
26 21 100 31 1
27 22 100 31 1
28 23 100 31 1
29 24 100 31 1
20 25 100 31 1
31 26 100 31 1
4 27 100 31 0.993539
9 27 100 31 0.00646065
3 0 100 35 0.908255
35 0 100 35 0.0917451
29 1 100 35 1
1 2 100 35 1
2 3 100 35 1
4 4 100 35 1
5 5 100 35 0.600747
29 5 100 35 0.399253
6 6 100 35 1
7 7 100 35 1
3 8 100 35 1
8 9 100 35 0.5
9 9 100 35 0.5
10 10 100 35 1
11 11 100 35 1
13 12 100 35 0.499993
14 12 100 35 0.500007
16 13 100 35 1
21 14 100 35 1
15 15 100 35 1
17 16 100 35 1
18 17 100 35 0.77074
29 17 100 35 0.22926
22 19 100 35 1
23 20 100 35 0.5
24 20 100 35 0.5
25 21 100 35 1
19 22 100 35 0.5
26 22 100 35 0.5
20 23 100 35 0.5
27 23 100 35 0.5
28 24 100 35 1
30 25 100 35 1
31 26 100 35 1
12 27 100 35 1
32 28 100 35 0.333333
33 28 100 35 0.333333
34 28 100 35 0.333333
35 29 100 35 1
3 30 100 35 0.00314275
13 30 100 35 0.00184837
15 30 100 35 0.971301
29 30 100 35 0.0237079
3 0 100 36 0.000450385
5 0 100 36 0.000164523
6 0 100 36 0.001683
8 0 100 36 7.55085e-05
14 0 100 36 0.00020428
23 0 100 36 0.97478
25 0 100 36 0.0224608
28 0 100 36 0.00018114
2 1 100 36 0.878439
4 1 100 36 0.00316427
18 1 100 36 0.115808
24 1 100 36 0.00258916
1 2 100 36 0.333027
4 2 100 36 0.664855
24 2 100 36 0.00211785
2 3 100 36 0.500042
5 3 100 36 0.499958
1 4 100 36 0.333333
3 4 100 36 0.333333
6 4 100 36 0.333333
5 5 100 36 0.333342
7 5 100 36 0.333342
8 5 100 36 0.333316
7 6 100 36 0.5
9 6 100 36 0.5
8 7 100 36 0.333333
10 7 100 36 0.333333
13 7 100 36 0.333333
3 8 100 36 0.249927
10 8 100 36 0.250042
11 8 100 36 0.250041
14 8 100 36 0.24999
9 9 100 36 0.25
11 9 100 36 0.25
12 9 100 36 0.25
15 9 100 36 0.25
12 10 100 36 0.333333
13 10 100 36 0.333333
16 10 100 36 0.333333
15 11 100 36 0.5
17 11 100 36 0.5
14 12 100 36 0.333333
16 12 100 36 0.333333
18 12 100 36 0.333333
6 13 100 36 0.138504
17 13 100 36 0.348661
18 13 100 36 0.164175
19 13 100 36 0.348661
19 14 100 36 0.333333
20 14 100 36 0.666667
27 15 100 36 1
21 16 100 36 0.999994
24 16 100 36 5.74275e-06
22 17 100 36 1
23 18 100 36 0.25205
24 18 100 36 0.495902
26 18 100 36 0.252049
25 19 100 36 0.333333
26 19 100 36 0.333333
27 19 100 36 0.333333
6 20 100 36 6.98003e-05
28 20 100 36 0.333311
29 20 100 36 0.33331
30 20 100 36 0.333309
29 21 100 36 0.5
31 21 100 36 0.5
30 22 100 36 0.5
32 22 100 36 0.5
28 23 100 36 0.333292
31 23 100 36 0.333354
32 23 100 36 0.333354
6 24 100 36 0.28814
18 24 100 36 0.202386
33 24 100 36 0.509474
33 25 100 36 0.25
34 25 100 36 0.5
35 25 100 36 0.25
35 26 100 36 0.5
36 26 100 36 0.5
6 27 100 36 0.0333069
18 27 100 36 4.37981e-05
24 27 100 36 0.021924
36 27 100 36 0.944725
25 28 100 36 1
3 0 100 38 0.00403629
6 0 100 38 0.0113697
10 0 100 38 7.27513e-05
17 0 100 38 0.00260704
24 0 100 38 0.981914
1 1 100 38 1
2 2 100 38 1
4 3 100 38 0.334613
5 3 100 38 0.334613
6 3 100 38 0.330774
7 4 100 38 1
8 5 100 38 1
13 6 100 38 1
9 7 100 38 1
3 8 100 38 0.332435
10 8 100 38 0.33377
11 8 100 38 0.333795
14 9 100 38 1
30 10 100 38 1
15 11 100 38 1
16 12 100 38 0.5
18 12 100 38 0.5
12 13 100 38 0.12192
17 13 100 38 0.346528
19 13 100 38 0.180918
20 13 100 38 0.347442
24 13 100 38 0.00319195
21 14 100 38 1
12 15 100 38 0.30497
19 15 100 38 0.225188
22 15 100 38 0.469842
23 16 100 38 1
25 17 100 38 1
26 18 100 38 1
27 19 100 38 1
28 20 100 38 1
29 21 100 38 1
31 22 100 38 1
32 23 100 38 1
33 24 100 38 1
34 25 100 38 1
35 26 100 38 1
36 27 100 38 1
37 28 100 38 1
37 29 100 38 1.10831e-05
38 29 100 38 0.999989
20 0 100 44 0.340399
24 0 100 44 0.319751
34 0 100 44 0.338037
43 0 100 44 0.00181273
10 1 100 44 1
3 2 100 44 1
1 3 100 44 1
10 4 100 44 1
2 5 100 44 1
4 6 100 44 0.5
5 6 100 44 0.5
6 7 100 44 1
18 8 100 44 0.6193
22 8 100 44 1.10217e-05
41 8 100 44 0.380689
7 9 100 44 1
8 10 100 44 1
9 11 100 44 1
11 12 100 44 1
12 13 100 44 1
13 14 100 44 0.902858
41 14 100 44 0.0971417
15 15 100 44 1
18 16 100 44 0.426625
22 16 100 44 6.50357e-05
41 16 100 44 0.57331
19 17 100 44 1
21 18 100 44 1
18 19 100 44 1.11947e-05
22 19 100 44 0.999931
41 19 100 44 5.80435e-05
23 20 100 44 1
15 21 100 44 0.5
29 21 100 44 0.5
29 22 100 44 0.5
40 22 100 44 0.5
16 23 100 44 0.5
30 23 100 44 0.5
17 24 100 44 0.5
31 24 100 44 0.5
32 25 100 44 1
33 26 100 44 1
35 27 100 44 1
36 28 100 44 1
25 29 100 44 0.333333
26 29 100 44 0.333333
37 29 100 44 0.333333
27 30 100 44 0.333333
39 30 100 44 0.333333
42 30 100 44 0.333333
14 31 100 44 0.32695
20 31 100 44 0.000108536
24 31 100 44 0.0198091
28 31 100 44 0.32695
34 31 100 44 0.00212562
43 31 100 44 0.324057
43 32 100 44 0.0035128
44 32 100 44 0.996487
24 33 100 44 0.000383885
34 33 100 44 0.000767642
38 33 100 44 0.998848
