5 0 100 6 1
1 1 100 6 0.500011
2 1 100 6 0.499989
3 2 100 6 1
2 3 100 6 4.51368e-05
4 3 100 6 0.999955
5 4 100 6 1
5 5 100 6 8.01421e-05
6 5 100 6 0.99992
6 0 100 7 1
1 1 100 7 0.667168
2 1 100 7 0.332832
1 2 100 7 0.199276
2 2 100 7 0.400362
3 2 100 7 0.200181
4 2 100 7 0.200181
3 3 100 7 0.333333
4 3 100 7 0.333333
5 3 100 7 0.333333
3 4 100 7 0.2
4 4 100 7 0.2
5 4 100 7 0.4
6 4 100 7 0.2
6 5 100 7 0.666647
7 5 100 7 0.333353
6 6 100 7 7.99645e-05
7 6 100 7 0.99992
2 0 100 8 0.974697
6 0 100 8 0.0129179
7 0 100 8 0.0123853
1 1 100 8 0.66686
2 1 100 8 0.33314
2 2 100 8 0.286019
3 2 100 8 0.284953
4 2 100 8 0.286019
8 2 100 8 0.143009
3 3 100 8 0.4
5 3 100 8 0.4
6 3 100 8 0.2
3 4 100 8 0.00148771
4 4 100 8 0.399405
5 4 100 8 0.199702
7 4 100 8 0.399405
5 5 100 8 0.200001
6 5 100 8 0.599998
8 5 100 8 0.200001
7 6 100 8 1
7 7 100 8 8.01454e-05
8 7 100 8 0.99992
4 0 100 9 0.983856
8 0 100 9 0.0161437
1 1 100 9 1
2 2 100 9 1
2 3 100 9 9.33594e-07
3 3 100 9 0.545452
4 3 100 9 0.272727
6 3 100 9 0.0909103
8 3 100 9 0.0909103
2 4 100 9 8.55563e-06
3 4 100 9 0.111148
4 4 100 9 0.444301
5 4 100 9 0.444543
5 5 100 9 0.212542
6 5 100 9 0.362374
7 5 100 9 0.354237
8 5 100 9 0.0708474
6 6 100 9 0.116975
7 6 100 9 0.264305
8 6 100 9 0.486567
9 6 100 9 0.132153
8 7 100 9 0.247844
9 7 100 9 0.752156
8 8 100 9 3.54641e-05
9 8 100 9 0.999964
3 0 100 10 0.0103834
5 0 100 10 0.00526783
6 0 100 10 0.0484844
7 0 100 10 0.808924
9 0 100 10 0.111201
10 0 100 10 0.0157396
1 1 100 10 0.888886
2 1 100 10 0.111111
4 1 100 10 2.38758e-06
6 1 100 10 1.12771e-06
1 2 100 10 0.0834226
2 2 100 10 0.583958
3 2 100 10 0.249197
4 2 100 10 0.0834226
3 3 100 10 0.374542
4 3 100 10 0.277977
5 3 100 10 0.138992
6 3 100 10 0.0694962
8 3 100 10 0.138992
3 4 100 10 0.0537308
4 4 100 10 0.344695
5 4 100 10 0.344837
7 4 100 10 0.171011
9 4 100 10 0.0857262
2 5 100 10 0.0666668
5 5 100 10 0.200005
6 5 100 10 0.466601
7 5 100 10 0.0666668
8 5 100 10 0.0666668
9 5 100 10 0.0667261
10 5 100 10 0.0666667
6 6 100 10 0.100735
7 6 100 10 0.495998
8 6 100 10 0.20147
9 6 100 10 0.101063
10 6 100 10 0.100735
7 7 100 10 0.118641
8 7 100 10 0.440961
9 7 100 10 0.330158
10 7 100 10 0.11024
9 8 100 10 0.500348
10 8 100 10 0.499652
9 9 100 10 5.34372e-05
10 9 100 10 0.999947
4 10 100 10 1
3 0 100 11 1
1 1 100 11 0.773001
2 1 100 11 0.227
2 2 100 11 0.499946
4 2 100 11 0.500054
3 3 100 11 0.499687
5 3 100 11 0.500313
4 4 100 11 0.333285
6 4 100 11 0.333357
7 4 100 11 0.333357
6 5 100 11 0.333333
8 5 100 11 0.666667
7 6 100 11 0.333333
9 6 100 11 0.666667
2 7 100 11 0.171046
10 7 100 11 0.828954
11 8 100 11 1
11 0 100 12 0.941006
12 0 100 12 0.058994
1 1 100 12 0.999993
2 1 100 12 6.98858e-06
2 2 100 12 0.799969
3 2 100 12 0.200031
2 3 100 12 0.142857
3 3 100 12 0.428571
4 3 100 12 0.142857
6 3 100 12 0.142857
8 3 100 12 0.142857
3 4 100 12 0.142893
4 4 100 12 0.428679
5 4 100 12 0.142641
7 4 100 12 0.142893
9 4 100 12 0.142893
4 5 100 12 0.126568
5 5 100 12 0.321815
6 5 100 12 0.379704
7 5 100 12 0.0453453
10 5 100 12 0.126568
5 6 100 12 0.0649893
7 6 100 12 0.51547
8 6 100 12 0.134222
9 6 100 12 0.141545
11 6 100 12 0.143774
8 7 100 12 0.249989
9 7 100 12 0.249989
10 7 100 12 0.374983
11 7 100 12 4.59466e-05
12 7 100 12 0.124994
2 8 100 12 0.000126511
8 8 100 12 0.177209
10 8 100 12 0.16849
11 8 100 12 0.486691
12 8 100 12 0.167483
9 9 100 12 0.333344
11 9 100 12 0.333313
12 9 100 12 0.333343
5 10 100 12 0.499982
11 10 100 12 3.79705e-05
12 10 100 12 0.49998
6 11 100 12 1
12 12 100 12 1
3 0 100 13 8.73872e-05
7 0 100 13 0.996103
8 0 100 13 0.00125227
10 0 100 13 0.000187852
12 0 100 13 0.00204345
13 0 100 13 0.000326509
1 1 100 13 0.571396
2 1 100 13 0.285698
3 1 100 13 0.142907
1 2 100 13 0.166667
2 2 100 13 0.333333
4 2 100 13 0.5
2 3 100 13 0.19989
3 3 100 13 0.199889
5 3 100 13 0.599669
8 3 100 13 0.000548746
9 3 100 13 3.02639e-06
3 4 100 13 0.333333
4 4 100 13 0.166667
5 4 100 13 0.166667
6 4 100 13 0.333333
3 5 100 13 0.142797
4 5 100 13 0.142867
5 5 100 13 0.142867
6 5 100 13 0.285734
10 5 100 13 0.285734
6 6 100 13 0.0928686
7 6 100 13 0.349921
8 6 100 13 0.0928686
9 6 100 13 0.278605
11 6 100 13 0.185737
8 7 100 13 0.409279
9 7 100 13 0.102422
10 7 100 13 0.18104
11 7 100 13 0.102422
12 7 100 13 0.204836
9 8 100 13 0.160729
10 8 100 13 0.0373251
11 8 100 13 0.160729
12 8 100 13 0.319759
13 8 100 13 0.321458
10 9 100 13 0.332379
12 9 100 13 0.00286347
13 9 100 13 0.664757
7 10 100 13 0.0193819
11 10 100 13 0.980618
12 11 100 13 1
13 12 100 13 1
7 13 100 13 1
2 0 100 14 0.000718569
3 0 100 14 0.000611632
7 0 100 14 0.000281327
10 0 100 14 0.000299373
13 0 100 14 0.93917
14 0 100 14 0.0589195
1 1 100 14 0.9
3 1 100 14 0.1
2 2 100 14 0.561887
3 2 100 14 0.375331
4 2 100 14 0.0627734
8 2 100 14 8.90274e-07
10 2 100 14 7.29651e-06
11 2 100 14 8.84064e-07
2 3 100 14 0.00576937
3 3 100 14 0.250474
4 3 100 14 0.619794
5 3 100 14 0.123959
10 3 100 14 4.01318e-06
4 4 100 14 0.25
5 4 100 14 0.5
6 4 100 14 0.0833333
7 4 100 14 0.0833333
8 4 100 14 0.0833333
5 5 100 14 0.142837
6 5 100 14 0.500002
7 5 100 14 0.142862
8 5 100 14 0.0714332
9 5 100 14 0.142866
6 6 100 14 0.0624533
7 6 100 14 0.24981
8 6 100 14 0.312961
9 6 100 14 0.0625125
10 6 100 14 0.124905
11 6 100 14 0.187358
2 7 100 14 0.00015882
6 7 100 14 2.93417e-05
8 7 100 14 0.142153
9 7 100 14 0.357318
10 7 100 14 0.0714773
11 7 100 14 0.142955
12 7 100 14 0.285909
2 8 100 14 2.65087e-06
3 8 100 14 6.26536e-06
7 8 100 14 0.126716
9 8 100 14 0.0633579
10 8 100 14 0.379968
11 8 100 14 0.190073
12 8 100 14 0.0633579
13 8 100 14 0.113962
14 8 100 14 0.0625575
5 9 100 14 4.63005e-05
10 9 100 14 0.000291235
11 9 100 14 0.111075
12 9 100 14 0.444301
13 9 100 14 0.333212
14 9 100 14 0.111075
13 10 100 14 0.571423
14 10 100 14 0.428577
13 11 100 14 3.88578e-05
14 11 100 14 0.999961
4 0 100 15 0.0192822
6 0 100 15 0.00134225
7 0 100 15 0.00248391
8 0 100 15 7.64939e-05
9 0 100 15 0.000954679
10 0 100 15 0.972934
12 0 100 15 0.00117092
14 0 100 15 0.0017554
1 1 100 15 0.99963
12 1 100 15 0.000370308
1 2 100 15 0.125528
2 2 100 15 0.765154
3 2 100 15 9.56482e-06
4 2 100 15 0.109308
2 3 100 15 0.166834
3 3 100 15 0.416081
4 3 100 15 0.250251
5 3 100 15 0.0834171
7 3 100 15 0.0834171
1 4 100 15 6.56417e-06
3 4 100 15 0.308752
4 4 100 15 0.152524
5 4 100 15 0.230879
6 4 100 15 0.230879
7 4 100 15 0.0769597
4 5 100 15 0.225095
5 5 100 15 0.150123
6 5 100 15 0.173859
7 5 100 15 0.075617
8 5 100 15 0.225184
9 5 100 15 0.150123
2 6 100 15 7.81557e-07
5 6 100 15 0.142881
6 6 100 15 0.0714407
7 6 100 15 0.214155
8 6 100 15 0.0714407
9 6 100 15 0.142881
10 6 100 15 0.142881
11 6 100 15 0.142881
12 6 100 15 0.0714378
3 7 100 15 5.5704e-06
5 7 100 15 0.06571
6 7 100 15 0.133154
7 7 100 15 0.133154
8 7 100 15 0.133154
9 7 100 15 0.0665771
10 7 100 15 0.0723286
11 7 100 15 0.133154
12 7 100 15 0.196185
13 7 100 15 0.0665771
5 8 100 15 0.00108325
8 8 100 15 0.166466
9 8 100 15 0.00820543
10 8 100 15 0.249708
11 8 100 15 0.249708
12 8 100 15 0.00429008
13 8 100 15 0.237311
14 8 100 15 0.0832277
4 9 100 15 9.40615e-05
6 9 100 15 0.0541444
7 9 100 15 0.0787431
9 9 100 15 0.230099
10 9 100 15 0.0732112
11 9 100 15 0.0793309
12 9 100 15 0.155249
13 9 100 15 0.0118149
14 9 100 15 0.237983
15 9 100 15 0.0793301
8 10 100 15 0.0899578
9 10 100 15 0.0899257
10 10 100 15 0.00681584
12 10 100 15 0.183583
13 10 100 15 0.269873
14 10 100 15 0.0899713
15 10 100 15 0.269873
9 11 100 15 3.5981e-05
10 11 100 15 0.166749
13 11 100 15 0.166762
14 11 100 15 0.499691
15 11 100 15 0.166762
9 12 100 15 3.5299e-05
10 12 100 15 2.00827e-05
11 12 100 15 0.249811
14 12 100 15 0.000699315
15 12 100 15 0.749435
12 13 100 15 1
13 14 100 15 0.500969
14 14 100 15 0.499031
14 15 100 15 0.00302197
15 15 100 15 0.996978
3 0 100 16 0.705477
6 0 100 16 0.00644487
8 0 100 16 0.275386
15 0 100 16 0.0126925
1 1 100 16 0.749866
2 1 100 16 0.250134
1 2 100 16 0.22202
2 2 100 16 0.60403
7 2 100 16 0.17395
2 3 100 16 0.0849943
3 3 100 16 0.60999
6 3 100 16 0.305011
8 3 100 16 4.66121e-06
3 4 100 16 0.237163
4 4 100 16 0.711489
7 4 100 16 0.0513482
4 5 100 16 0.194028
5 5 100 16 0.776111
6 5 100 16 0.0298446
8 5 100 16 1.69718e-05
6 6 100 16 0.48674
7 6 100 16 0.342173
8 6 100 16 0.171087
3 7 100 16 6.44479e-06
8 7 100 16 0.333235
9 7 100 16 0.166752
10 7 100 16 0.333338
13 7 100 16 0.166669
7 8 100 16 0.09092
9 8 100 16 0.27264
10 8 100 16 0.09092
11 8 100 16 0.27276
13 8 100 16 0.09092
14 8 100 16 0.18184
8 9 100 16 0.2
10 9 100 16 0.2
12 9 100 16 0.4
15 9 100 16 0.2
3 10 100 16 0.199767
9 10 100 16 0.000163734
11 10 100 16 0.200017
12 10 100 16 0.400035
15 10 100 16 0.200018
13 11 100 16 0.500001
16 11 100 16 0.499999
6 12 100 16 0.000393919
14 12 100 16 0.666404
15 12 100 16 0.333202
15 13 100 16 0.499975
16 13 100 16 0.500025
15 14 100 16 8.01043e-05
16 14 100 16 0.99992
2 0 100 17 0.00483831
3 0 100 17 0.133511
5 0 100 17 0.0235983
7 0 100 17 1.24616e-05
9 0 100 17 0.0062303
11 0 100 17 0.825362
16 0 100 17 0.00644796
1 1 100 17 1
1 2 100 17 0.111198
2 2 100 17 0.666353
3 2 100 17 0.222396
9 2 100 17 5.31815e-05
2 3 100 17 0.101644
3 3 100 17 0.491779
4 3 100 17 0.304933
5 3 100 17 0.101644
4 4 100 17 0.357382
5 4 100 17 0.354492
6 4 100 17 0.178691
7 4 100 17 0.109254
11 4 100 17 0.000180847
5 5 100 17 0.185861
6 5 100 17 0.27827
7 5 100 17 0.2576
8 5 100 17 0.27827
2 6 100 17 0.000182971
6 6 100 17 0.22238
8 6 100 17 0.33357
9 6 100 17 0.221487
10 6 100 17 0.11119
11 6 100 17 0.11119
7 7 100 17 0.110904
9 7 100 17 0.332711
10 7 100 17 0.110904
11 7 100 17 0.00186777
12 7 100 17 0.221807
13 7 100 17 0.110904
14 7 100 17 0.110904
7 8 100 17 0.199714
8 8 100 17 0.100104
9 8 100 17 0.100104
10 8 100 17 0.100104
11 8 100 17 0.199661
13 8 100 17 0.100104
14 8 100 17 0.100104
15 8 100 17 0.100104
9 9 100 17 0.0999642
10 9 100 17 0.299893
11 9 100 17 0.000829694
12 9 100 17 0.199928
13 9 100 17 0.0999641
15 9 100 17 0.0999642
16 9 100 17 0.199457
7 10 100 17 0.00049467
10 10 100 17 0.100134
11 10 100 17 0.198095
12 10 100 17 0.200197
13 10 100 17 0.100134
14 10 100 17 0.200268
16 10 100 17 0.000409615
17 10 100 17 0.200268
11 11 100 17 0.142843
12 11 100 17 0.142943
13 11 100 17 0.285686
14 11 100 17 0.142843
15 11 100 17 0.285686
13 12 100 17 0.129376
14 12 100 17 0.258752
15 12 100 17 0.227596
16 12 100 17 0.384276
15 13 100 17 0.291037
16 13 100 17 0.00531118
17 13 100 17 0.703652
16 14 100 17 1
16 15 100 17 6.91985e-05
17 15 100 17 0.999931
2 0 100 18 0.155684
11 0 100 18 0.0271725
17 0 100 18 0.769162
18 0 100 18 0.0479815
1 1 100 18 0.998835
7 1 100 18 9.41144e-05
11 1 100 18 0.00107136
1 2 100 18 0.168075
2 2 100 18 0.495775
3 2 100 18 0.168075
4 2 100 18 0.168075
2 3 100 18 0.28626
3 3 100 18 0.569999
4 3 100 18 0.14313
5 3 100 18 0.000610712
3 4 100 18 0.0043808
4 4 100 18 0.497882
5 4 100 18 0.247877
6 4 100 18 8.20488e-06
7 4 100 18 0.24984
17 4 100 18 1.20776e-05
4 5 100 18 0.2
5 5 100 18 0.6
6 5 100 18 0.2
3 6 100 18 3.52646e-06
6 6 100 18 0.600429
7 6 100 18 0.199422
9 6 100 18 0.200145
5 7 100 18 0.164007
7 7 100 18 0.334359
8 7 100 18 0.334423
10 7 100 18 0.167211
5 8 100 18 0.00238613
6 8 100 18 0.0014274
8 8 100 18 0.124523
9 8 100 18 0.249047
10 8 100 18 0.124523
11 8 100 18 0.249047
13 8 100 18 0.124523
14 8 100 18 0.124523
6 9 100 18 0.110308
8 9 100 18 0.111588
9 9 100 18 0.111588
10 9 100 18 0.223175
12 9 100 18 0.223175
13 9 100 18 0.111588
15 9 100 18 0.108579
8 10 100 18 0.0908476
9 10 100 18 0.0907784
11 10 100 18 0.180508
12 10 100 18 0.181695
13 10 100 18 0.0908476
14 10 100 18 0.0908476
15 10 100 18 0.0932973
16 10 100 18 0.0908476
17 10 100 18 0.0903301
9 11 100 18 9.51731e-05
10 11 100 18 0.124922
13 11 100 18 0.124922
14 11 100 18 0.124922
15 11 100 18 0.249843
16 11 100 18 0.124922
17 11 100 18 0.125455
18 11 100 18 0.124921
7 12 100 18 0.166667
11 12 100 18 0.166667
14 12 100 18 0.166667
16 12 100 18 0.333334
18 12 100 18 0.166666
12 13 100 18 0.267563
17 13 100 18 0.469019
18 13 100 18 0.263417
13 14 100 18 0.333325
14 14 100 18 0.333325
17 14 100 18 2.63661e-05
18 14 100 18 0.333324
15 15 100 18 0.5
16 15 100 18 0.5
17 16 100 18 1
17 17 100 18 7.62171e-05
18 17 100 18 0.999924
2 0 100 19 0.0126602
3 0 100 19 0.40894
6 0 100 19 0.524543
8 0 100 19 4.66997e-05
9 0 100 19 0.0387776
12 0 100 19 0.0147435
16 0 100 19 0.000213005
18 0 100 19 7.55239e-05
1 1 100 19 1
1 2 100 19 0.200392
2 2 100 19 0.599216
3 2 100 19 0.200392
2 3 100 19 0.130765
3 3 100 19 0.217712
4 3 100 19 0.130765
5 3 100 19 0.26153
6 3 100 19 0.128462
18 3 100 19 0.130765
3 4 100 19 0.149318
4 4 100 19 0.447955
6 4 100 19 0.096355
7 4 100 19 0.298637
16 4 100 19 0.00773469
3 5 100 19 0.0168393
5 5 100 19 0.395137
8 5 100 19 0.197568
9 5 100 19 0.390456
6 6 100 19 0.4
8 6 100 19 0.2
10 6 100 19 0.2
11 6 100 19 0.2
7 7 100 19 0.4
10 7 100 19 0.2
12 7 100 19 0.2
15 7 100 19 0.2
8 8 100 19 0.222212
11 8 100 19 0.111113
13 8 100 19 0.222225
14 8 100 19 0.222225
16 8 100 19 0.111113
17 8 100 19 0.111113
2 9 100 19 0.00040933
9 9 100 19 0.400563
12 9 100 19 0.198477
15 9 100 19 0.200282
18 9 100 19 0.200268
6 10 100 19 0.00740292
10 10 100 19 0.285717
12 10 100 19 0.142858
16 10 100 19 0.13544
17 10 100 19 0.142858
18 10 100 19 0.142865
19 10 100 19 0.142858
11 11 100 19 0.4
12 11 100 19 0.2
17 11 100 19 0.2
19 11 100 19 0.2
13 12 100 19 1
14 13 100 19 0.499682
15 13 100 19 0.000635595
16 13 100 19 0.499682
14 14 100 19 0.333475
15 14 100 19 0.333051
17 14 100 19 0.333475
15 15 100 19 0.5
16 15 100 19 0.5
18 16 100 19 0.499974
19 16 100 19 0.500026
8 17 100 19 8.04411e-05
18 17 100 19 8.01282e-05
19 17 100 19 0.999839
3 0 100 20 0.0195862
5 0 100 20 7.57391e-06
6 0 100 20 0.279755
7 0 100 20 1.10456e-05
9 0 100 20 0.000640357
12 0 100 20 0.279841
13 0 100 20 0.279751
14 0 100 20 0.0192003
15 0 100 20 1.47518e-05
19 0 100 20 0.114034
20 0 100 20 0.00715972
1 1 100 20 0.857143
2 1 100 20 0.142857
1 2 100 20 0.100706
2 2 100 20 0.402817
3 2 100 20 0.395772
4 2 100 20 0.100706
2 3 100 20 0.181817
3 3 100 20 0.181817
4 3 100 20 0.272726
5 3 100 20 0.181817
9 3 100 20 4.36875e-06
18 3 100 20 0.0909087
19 3 100 20 0.0909087
3 4 100 20 0.0909097
4 4 100 20 0.181819
5 4 100 20 0.0909072
6 4 100 20 0.363639
7 4 100 20 0.181815
8 4 100 20 0.0909097
4 5 100 20 0.0999938
5 5 100 20 0.399975
7 5 100 20 0.199988
9 5 100 20 0.0999938
10 5 100 20 0.0999938
11 5 100 20 0.0999938
12 5 100 20 6.19327e-05
2 6 100 20 5.17648e-06
6 6 100 20 0.181812
7 6 100 20 0.0909062
8 6 100 20 0.272719
11 6 100 20 0.18183
13 6 100 20 0.0909158
15 6 100 20 0.0909062
17 6 100 20 0.0909062
7 7 100 20 0.0769417
8 7 100 20 0.153883
9 7 100 20 0.307525
10 7 100 20 0.153883
12 7 100 20 0.153883
14 7 100 20 0.0769417
16 7 100 20 0.0769417
8 8 100 20 0.0832583
9 8 100 20 0.0833253
10 8 100 20 0.249774
11 8 100 20 0.166517
13 8 100 20 0.166517
14 8 100 20 0.0832583
15 8 100 20 0.0832583
16 8 100 20 0.0832583
19 8 100 20 0.000833687
10 9 100 20 0.0717833
11 9 100 20 0.143553
12 9 100 20 0.143544
13 9 100 20 0.0717833
14 9 100 20 0.210423
15 9 100 20 0.215346
17 9 100 20 0.0717833
18 9 100 20 0.0717833
9 10 100 20 0.0853631
12 10 100 20 0.170673
13 10 100 20 0.0853541
14 10 100 20 0.0853631
16 10 100 20 0.170726
17 10 100 20 0.0853631
18 10 100 20 0.0853631
19 10 100 20 0.147865
20 10 100 20 0.0839285
15 11 100 20 0.125
16 11 100 20 0.125
17 11 100 20 0.375
18 11 100 20 0.25
20 11 100 20 0.125
7 12 100 20 0.145955
13 12 100 20 1.96178e-06
16 12 100 20 0.145955
18 12 100 20 0.145955
19 12 100 20 0.417459
20 12 100 20 0.144673
15 13 100 20 0.143062
16 13 100 20 0.143062
17 13 100 20 0.143062
18 13 100 20 0.143062
19 13 100 20 0.141629
20 13 100 20 0.286123
14 14 100 20 0.5
20 14 100 20 0.5
15 15 100 20 1
20 16 100 20 1
13 17 100 20 1
3 0 100 21 0.0181495
8 0 100 21 0.981089
15 0 100 21 1.5013e-05
17 0 100 21 0.000553674
20 0 100 21 0.000192559
1 1 100 21 1
1 2 100 21 0.136194
2 2 100 21 0.719801
4 2 100 21 0.14396
6 2 100 21 4.47968e-05
3 3 100 21 0.216361
4 3 100 21 0.26092
5 3 100 21 0.130461
9 3 100 21 0.131727
10 3 100 21 0.26037
15 3 100 21 0.00016125
3 4 100 21 0.332116
4 4 100 21 0.166058
6 4 100 21 0.166058
7 4 100 21 0.16971
11 4 100 21 0.166058
3 5 100 21 0.0387801
4 5 100 21 0.120487
5 5 100 21 0.48195
6 5 100 21 0.120487
7 5 100 21 0.238295
6 6 100 21 0.275543
7 6 100 21 0.137957
8 6 100 21 0.275845
9 6 100 21 0.275845
17 6 100 21 0.0345555
19 6 100 21 0.000254147
3 7 100 21 1.22083e-06
7 7 100 21 0.100706
8 7 100 21 0.194904
9 7 100 21 0.0997283
10 7 100 21 0.201837
11 7 100 21 0.100706
12 7 100 21 0.201412
13 7 100 21 0.100706
6 8 100 21 0.142907
11 8 100 21 0.428359
12 8 100 21 0.285813
14 8 100 21 0.142907
19 8 100 21 1.52866e-05
9 9 100 21 0.2
12 9 100 21 0.2
13 9 100 21 0.4
15 9 100 21 0.2
10 10 100 21 0.166644
13 10 100 21 0.166782
14 10 100 21 0.333287
16 10 100 21 0.333287
3 11 100 21 0.000902731
8 11 100 21 5.52366e-05
14 11 100 21 0.226604
15 11 100 21 0.229217
16 11 100 21 0.114609
17 11 100 21 0.314054
18 11 100 21 0.114559
3 12 100 21 0.00434188
14 12 100 21 0.00564682
18 12 100 21 0.660055
19 12 100 21 0.329956
6 13 100 21 0.000422852
11 13 100 21 0.000568288
15 13 100 21 0.32239
17 13 100 21 0.00194116
19 13 100 21 0.449648
20 13 100 21 0.22503
3 14 100 21 0.215119
14 14 100 21 0.00125092
15 14 100 21 0.124412
20 14 100 21 0.439477
21 14 100 21 0.219741
16 15 100 21 0.497988
20 15 100 21 1.33528e-05
21 15 100 21 0.501998
16 16 100 21 0.0101453
17 16 100 21 0.989855
16 17 100 21 0.00299677
17 17 100 21 0.498502
18 17 100 21 0.498502
17 18 100 21 0.0133327
18 18 100 21 0.493334
19 18 100 21 0.493334
19 19 100 21 0.333567
20 19 100 21 0.666433
20 20 100 21 0.000954802
21 20 100 21 0.999045
13 21 100 21 1
4 0 100 22 0.000101106
11 0 100 22 0.012451
17 0 100 22 0.986787
21 0 100 22 0.000661059
1 1 100 22 0.992448
11 1 100 22 0.00755152
2 2 100 22 1
3 3 100 22 1
3 4 100 22 0.0854309
5 4 100 22 0.914547
10 4 100 22 2.1785e-05
4 5 100 22 0.66644
6 5 100 22 0.333237
7 5 100 22 0.000323049
5 6 100 22 0.333441
7 6 100 22 0.333118
9 6 100 22 0.333441
6 7 100 22 0.250001
8 7 100 22 0.250001
10 7 100 22 0.249996
11 7 100 22 0.250001
7 8 100 22 0.5
12 8 100 22 0.5
8 9 100 22 0.5
13 9 100 22 0.5
9 10 100 22 0.25
14 10 100 22 0.25
16 10 100 22 0.25
21 10 100 22 0.25
1 11 100 22 0.25
10 11 100 22 0.25
15 11 100 22 0.25
18 11 100 22 0.25
12 12 100 22 0.5
19 12 100 22 0.5
13 13 100 22 0.333812
20 13 100 22 0.333812
21 13 100 22 0.332376
14 14 100 22 0.499095
21 14 100 22 0.00181183
22 14 100 22 0.499094
15 15 100 22 1
16 16 100 22 1
17 17 100 22 1
18 18 100 22 1
19 19 100 22 1
20 20 100 22 1
22 21 100 22 1
11 22 100 22 1
22 0 100 23 1
1 1 100 23 1
2 2 100 23 1
3 3 100 23 1
5 4 100 23 0.499986
6 4 100 23 0.499986
14 4 100 23 2.79084e-05
7 5 100 23 1
8 6 100 23 0.5
9 6 100 23 0.5
10 7 100 23 1
11 8 100 23 0.49983
12 8 100 23 0.49983
19 8 100 23 0.000340654
4 9 100 23 0.5
13 9 100 23 0.5
15 10 100 23 1
16 11 100 23 1
14 12 100 23 0.333302
17 12 100 23 0.333321
18 12 100 23 0.333321
19 12 100 23 5.54142e-05
20 13 100 23 1
19 14 100 23 0.499788
21 14 100 23 0.500212
22 15 100 23 1
22 16 100 23 8.0071e-05
23 16 100 23 0.99992
6 0 100 24 0.000370615
10 0 100 24 6.10418e-05
11 0 100 24 0.212196
15 0 100 24 2.18248e-05
19 0 100 24 0.786636
24 0 100 24 0.000715
1 1 100 24 0.4
2 1 100 24 0.4
3 1 100 24 0.2
4 2 100 24 0.404315
5 2 100 24 0.404315
6 2 100 24 0.19137
3 3 100 24 0.333333
6 3 100 24 0.333333
7 3 100 24 0.333333
6 4 100 24 0.0257609
8 4 100 24 0.974239
7 5 100 24 0.2
9 5 100 24 0.4
10 5 100 24 0.2
11 5 100 24 0.2
12 6 100 24 1
10 7 100 24 0.499981
13 7 100 24 0.500019
13 8 100 24 0.333333
14 8 100 24 0.333333
16 8 100 24 0.333333
14 9 100 24 0.200001
15 9 100 24 0.399997
17 9 100 24 0.400002
16 10 100 24 0.333337
18 10 100 24 0.666663
18 11 100 24 1.09015e-05
20 11 100 24 0.666659
21 11 100 24 0.33333
19 12 100 24 0.25
21 12 100 24 0.25
22 12 100 24 0.5
11 13 100 24 0.0391685
23 13 100 24 0.960832
11 14 100 24 0.243291
23 14 100 24 0.00798976
24 14 100 24 0.74872
3 0 100 26 1
2 1 100 26 0.35136
3 1 100 26 0.64864
1 2 100 26 0.414007
2 2 100 26 0.329744
3 2 100 26 0.256249
4 3 100 26 1
5 4 100 26 0.999579
6 4 100 26 0.000421003
7 5 100 26 1
11 6 100 26 1
8 7 100 26 1
9 8 100 26 1
12 9 100 26 1
13 10 100 26 1
14 11 100 26 0.333333
15 11 100 26 0.333333
16 11 100 26 0.333333
10 12 100 26 8.2827e-05
17 12 100 26 0.999917
18 13 100 26 0.5
19 13 100 26 0.5
20 14 100 26 1
21 15 100 26 0.999965
24 15 100 26 3.50139e-05
6 16 100 26 7.595e-05
10 16 100 26 0.00134087
22 16 100 26 0.998583
23 17 100 26 1
21 18 100 26 4.58354e-05
24 18 100 26 0.999954
10 19 100 26 0.499303
17 19 100 26 5.00772e-05
22 19 100 26 0.000632734
25 19 100 26 0.500015
26 20 100 26 1
6 21 100 26 1
3 0 100 27 0.944452
6 0 100 27 0.0541426
26 0 100 27 0.00140519
2 1 100 27 1
1 2 100 27 1
2 3 100 27 0.00681231
4 3 100 27 0.993188
3 4 100 27 0.134516
5 4 100 27 0.441543
6 4 100 27 0.423941
7 5 100 27 1
8 6 100 27 1
9 7 100 27 1
11 8 100 27 1
12 9 100 27 1
10 10 100 27 0.333333
13 10 100 27 0.333333
15 10 100 27 0.333333
14 11 100 27 0.5
16 11 100 27 0.5
17 12 100 27 1
18 13 100 27 0.5
19 13 100 27 0.5
20 14 100 27 1
21 15 100 27 1
22 16 100 27 1
23 17 100 27 1
24 18 100 27 1
25 19 100 27 0.500305
26 19 100 27 0.499695
26 20 100 27 0.000186356
27 20 100 27 0.999814
2 21 100 27 1
29 0 100 30 1
1 1 100 30 0.5
4 1 100 30 0.5
2 2 100 30 0.995769
14 2 100 30 0.00423145
3 3 100 30 0.5
5 3 100 30 0.5
6 4 100 30 1
7 5 100 30 0.5
8 5 100 30 0.5
9 6 100 30 1
10 7 100 30 1
11 8 100 30 0.5
12 8 100 30 0.5
13 9 100 30 0.501065
14 9 100 30 0.498935
15 10 100 30 0.5
16 10 100 30 0.5
17 11 100 30 1
18 12 100 30 1
19 13 100 30 1
20 14 100 30 1
21 15 100 30 1
22 16 100 30 1
23 17 100 30 1
23 18 100 30 1
24 19 100 30 1
26 20 100 30 0.817862
27 20 100 30 0.182138
25 21 100 30 0.562651
27 21 100 30 0.437349
28 22 100 30 1
29 23 100 30 1
29 24 100 30 6.19552e-05
30 24 100 30 0.999938
4 0 100 31 0.00784894
31 0 100 31 0.992151
4 1 100 31 0.993174
19 1 100 31 0.00682553
5 2 100 31 1
2 3 100 31 0.997534
4 3 100 31 0.00246588
1 4 100 31 0.5
3 4 100 31 0.5
6 5 100 31 1
7 6 100 31 1
8 7 100 31 0.5
10 7 100 31 0.5
11 8 100 31 1
4 9 100 31 0.000244187
9 9 100 31 0.999756
12 10 100 31 1
13 11 100 31 0.5
15 11 100 31 0.5
14 12 100 31 0.234417
19 12 100 31 0.762197
31 12 100 31 0.00338666
16 13 100 31 1
14 14 100 31 1
17 15 100 31 1
18 16 100 31 0.335452
19 16 100 31 0.3291
21 16 100 31 0.335449
22 17 100 31 1
23 18 100 31 1
24 19 100 31 0.5
25 19 100 31 0.5
30 20 100 31 1
26 21 100 31 1
27 22 100 31 1
28 23 100 31 1
29 24 100 31 1
20 25 100 31 1
5 26 100 31 0.562079
31 26 100 31 0.437921
4 27 100 31 0.999743
9 27 100 31 0.000256631
3 0 100 35 0.908255
35 0 100 35 0.0917451
29 1 100 35 1
1 2 100 35 1
2 3 100 35 1
4 4 100 35 1
5 5 100 35 0.671157
29 5 100 35 0.328843
6 6 100 35 1
7 7 100 35 1
3 8 100 35 1
8 9 100 35 0.5
9 9 100 35 0.5
10 10 100 35 1
11 11 100 35 1
13 12 100 35 0.499991
14 12 100 35 0.500009
16 13 100 35 1
21 14 100 35 1
15 15 100 35 1
17 16 100 35 1
18 17 100 35 0.738863
29 17 100 35 0.261137
22 19 100 35 1
23 20 100 35 0.5
24 20 100 35 0.5
25 21 100 35 1
19 22 100 35 0.5
26 22 100 35 0.5
20 23 100 35 0.5
27 23 100 35 0.5
28 24 100 35 1
29 25 100 35 8.92505e-05
30 25 100 35 0.999911
31 26 100 35 1
12 27 100 35 1
32 28 100 35 0.333333
33 28 100 35 0.333333
34 28 100 35 0.333333
35 29 100 35 1
3 30 100 35 0.000802456
13 30 100 35 0.000730131
15 30 100 35 0.121021
29 30 100 35 0.877447
3 0 100 36 0.000581015
5 0 100 36 0.000112907
6 0 100 36 0.00185551
8 0 100 36 7.6782e-05
11 0 100 36 1.21325e-05
14 0 100 36 0.000276748
23 0 100 36 0.985531
25 0 100 36 0.0111324
28 0 100 36 0.000421835
2 1 100 36 0.979213
4 1 100 36 0.00902936
18 1 100 36 0.000277001
24 1 100 36 0.0114801
1 2 100 36 0.334279
4 2 100 36 0.665476
24 2 100 36 0.000244378
2 3 100 36 0.500029
5 3 100 36 0.499971
1 4 100 36 0.333333
3 4 100 36 0.333333
6 4 100 36 0.333333
5 5 100 36 0.333342
7 5 100 36 0.333342
8 5 100 36 0.333316
7 6 100 36 0.5
9 6 100 36 0.5
8 7 100 36 0.333333
10 7 100 36 0.333333
13 7 100 36 0.333333
3 8 100 36 0.249907
10 8 100 36 0.250054
11 8 100 36 0.250051
14 8 100 36 0.249984
23 8 100 36 2.92865e-06
9 9 100 36 0.25
11 9 100 36 0.25
12 9 100 36 0.25
15 9 100 36 0.25
12 10 100 36 0.333333
13 10 100 36 0.333333
16 10 100 36 0.333333
15 11 100 36 0.5
17 11 100 36 0.5
14 12 100 36 0.333333
16 12 100 36 0.333333
18 12 100 36 0.333333
6 13 100 36 5.27536e-05
17 13 100 36 0.333372
18 13 100 36 0.333203
19 13 100 36 0.333372
19 14 100 36 0.333333
20 14 100 36 0.666667
27 15 100 36 1
21 16 100 36 0.999985
24 16 100 36 1.5534e-05
22 17 100 36 1
23 18 100 36 0.253968
24 18 100 36 0.492069
26 18 100 36 0.253963
25 19 100 36 0.333333
26 19 100 36 0.333333
27 19 100 36 0.333333
6 20 100 36 0.000278338
28 20 100 36 0.333242
29 20 100 36 0.333241
30 20 100 36 0.333239
29 21 100 36 0.5
31 21 100 36 0.5
30 22 100 36 0.5
32 22 100 36 0.5
28 23 100 36 0.333238
31 23 100 36 0.333381
32 23 100 36 0.333381
6 24 100 36 0.478521
18 24 100 36 8.359e-05
33 24 100 36 0.521395
33 25 100 36 0.25
34 25 100 36 0.5
35 25 100 36 0.25
35 26 100 36 0.500002
36 26 100 36 0.499998
6 27 100 36 0.0702612
18 27 100 36 5.30749e-05
24 27 100 36 0.0442613
26 27 100 36 1.17202e-05
36 27 100 36 0.885413
25 28 100 36 1
3 0 100 38 0.00996593
6 0 100 38 0.00933731
10 0 100 38 0.000173242
17 0 100 38 0.00366635
24 0 100 38 0.976831
37 0 100 38 2.6155e-05
1 1 100 38 1
2 2 100 38 1
4 3 100 38 0.334393
5 3 100 38 0.334393
6 3 100 38 0.331214
7 4 100 38 1
8 5 100 38 1
13 6 100 38 1
9 7 100 38 1
3 8 100 38 0.331075
10 8 100 38 0.33441
11 8 100 38 0.334469
24 8 100 38 4.63188e-05
14 9 100 38 1
30 10 100 38 1
15 11 100 38 1
16 12 100 38 0.5
18 12 100 38 0.5
12 13 100 38 6.16575e-05
17 13 100 38 0.335219
19 13 100 38 0.32644
20 13 100 38 0.336475
24 13 100 38 0.00180355
21 14 100 38 1
12 15 100 38 0.492608
19 15 100 38 0.0146945
22 15 100 38 0.492698
23 16 100 38 1
25 17 100 38 1
26 18 100 38 1
27 19 100 38 1
28 20 100 38 1
29 21 100 38 1
31 22 100 38 1
32 23 100 38 1
33 24 100 38 1
34 25 100 38 1
35 26 100 38 1
36 27 100 38 1
37 28 100 38 1
37 29 100 38 7.66668e-05
38 29 100 38 0.999923
10 0 100 44 0.000152231
20 0 100 44 0.321376
24 0 100 44 0.339048
34 0 100 44 0.297721
43 0 100 44 0.0417019
10 1 100 44 1
3 2 100 44 1
1 3 100 44 1
10 4 100 44 0.431748
20 4 100 44 0.0175915
24 4 100 44 0.0175915
34 4 100 44 0.533069
2 5 100 44 1
4 6 100 44 0.5
5 6 100 44 0.5
6 7 100 44 1
18 8 100 44 0.342995
22 8 100 44 0.0154419
41 8 100 44 0.641563
7 9 100 44 1
8 10 100 44 1
9 11 100 44 1
11 12 100 44 1
12 13 100 44 0.999589
26 13 100 44 0.00041116
13 14 100 44 0.996448
27 14 100 44 0.0034629
39 14 100 44 1.37284e-05
42 14 100 44 7.55062e-05
15 15 100 44 0.979843
29 15 100 44 0.0100784
40 15 100 44 0.0100784
18 16 100 44 0.641579
22 16 100 44 0.0153613
41 16 100 44 0.34306
19 17 100 44 1
21 18 100 44 1
18 19 100 44 0.0153669
22 19 100 44 0.96945
41 19 100 44 0.0151835
23 20 100 44 1
15 21 100 44 0.5
29 21 100 44 0.5
15 22 100 44 0.00965819
29 22 100 44 0.495171
40 22 100 44 0.495171
16 23 100 44 0.5
30 23 100 44 0.5
17 24 100 44 0.5
31 24 100 44 0.5
32 25 100 44 0.99996
41 25 100 44 3.96699e-05
33 26 100 44 0.999961
34 26 100 44 3.94221e-05
35 27 100 44 1
36 28 100 44 1
12 29 100 44 7.65003e-05
25 29 100 44 0.333354
26 29 100 44 0.333216
37 29 100 44 0.333353
13 30 100 44 0.00104507
27 30 100 44 0.332225
39 30 100 44 0.333375
42 30 100 44 0.333355
14 31 100 44 0.333679
20 31 100 44 0.0192393
24 31 100 44 0.0019882
28 31 100 44 0.333679
34 31 100 44 0.0194195
43 31 100 44 0.291995
43 32 100 44 0.00293649
44 32 100 44 0.997063
24 33 100 44 1.2468e-05
34 33 100 44 2.44898e-05
38 33 100 44 0.999963
