2 0 0.147451 0.852548 0 0 0 0 0 0 0 
3 0.0231093 0.544102 0.163716 0.269072 0 0 0 0 0 0 
4 0.00957137 0.72884 0.204306 0.0572811 1.04318e-06 0 0 0 0 0 
5 0.00797614 0.606125 0.338164 0.0477342 8.69313e-07 0 0 0 0 0 
6 0.00274887 0.948982 0.0482694 0 0 0 0 0 0 0 
7 0.00957137 0.72884 0.204306 0.0572811 1.04318e-06 0 0 0 0 0 
8 0 0.607667 0.341962 0.0503703 0 0 0 0 0 0 
9 0 0.4 0.6 0 0 0 0 0 0 0 
10 0.0236836 0.910526 0.045918 0.0198715 5.9242e-07 0 0 0 0 0 
11 0 0.664001 0.282188 0.0429555 0.010855 0 0 0 0 0 
12 0.0178418 0.971284 0.00762939 0.00324432 0 0 0 0 0 0 
13 0.0377884 0.867525 0.0628909 0.0317944 9.47872e-07 0 0 0 0 0 
14 0.0154708 0.938013 0.031131 0.0153847 0 0 0 0 0 0 
15 0.0178239 0.815794 0.11598 0.0504016 0 0 0 0 0 0 
16 0.00797614 0.607366 0.336922 0.0477342 8.69313e-07 0 0 0 0 0 
17 0 0.673056 0.284968 0.0419752 0 0 0 0 0 0 
18 0.0625758 0.912503 0.016554 0.00836694 2.4944e-07 0 0 0 0 0 
19 0.00435062 0.876745 0.0928666 0.0260369 4.74171e-07 0 0 0 0 0 
20 0.00773539 0.967886 0.0166863 0.00769233 0 0 0 0 0 0 
21 0 0 0.999999 0 0 0 0 0 0 0 
22 0.00757599 0.571579 0.306964 0.11388 0 0 0 0 0 0 
23 0 0.462495 0.451407 0.0687288 0.0173679 0 0 0 0 0 
24 0.0338875 0.682146 0.216104 0.0631898 0.00467236 0 0 0 0 0 
25 0.153908 0.812867 0.0222364 0.010989 0 0 0 0 0 0 
26 0.0314907 0.889604 0.0524094 0.0264953 7.89894e-07 0 0 0 0 0 
27 0.00757599 0.571579 0.306964 0.11388 0 0 0 0 0 0 
28 0.194906 0.568455 0.180087 0.0526582 0.00389364 0 0 0 0 0 
29 0.0154708 0.938013 0.031131 0.0153847 0 0 0 0 0 0 
30 0 0.147104 0.852896 0 0 0 0 0 0 0 
31 0.00957137 0.528854 0.404292 0.0572811 1.04318e-06 0 0 0 0 0 
32 0.0234231 0.261218 0.495154 0.196675 0.0235295 0 0 0 0 0 
33 0.00757599 0.548036 0.330507 0.11388 0 0 0 0 0 0 
34 0.0154579 0.764557 0.189138 0.0287229 0.0021238 0 0 0 0 0 
35 0.289779 0.676405 0.022461 0.0113551 3.38526e-07 0 0 0 0 0 
36 0.0133031 0.667371 0.277719 0.0416064 1.66652e-07 0 0 0 0 0 
37 0.0338875 0.482146 0.416104 0.0631898 0.00467236 0 0 0 0 0 
38 0.00515692 0.979338 0.010377 0.00512822 0 0 0 0 0 0 
39 0 0.466666 0.533333 0 0 0 0 0 0 0 
40 0.00863712 0.964769 0.0180464 0.00854703 0 0 0 0 0 0 
41 0.0457143 0.457353 0.451143 0.0457894 0 0 0 0 0 0 
42 0.00957137 0.52884 0.404306 0.0572811 1.04318e-06 0 0 0 0 0 
43 0.0133031 0.66737 0.277719 0.0416068 1.66652e-07 0 0 0 0 0 
44 0.0338875 0.482146 0.416103 0.0631908 0.00467236 0 0 0 0 0 
45 0.0338875 0.682146 0.216104 0.0631898 0.00467236 0 0 0 0 0 
46 0.0236178 0.54221 0.414293 0.0198782 5.9242e-07 0 0 0 0 0 
47 0.00598211 0.677685 0.155532 0.160801 6.51985e-07 0 0 0 0 0 
48 0.0242053 0.772961 0.15436 0.0451356 0.0033374 0 0 0 0 0 
49 0 0.462495 0.451407 0.0687288 0.0173679 0 0 0 0 0 
50 0.00997796 0.906084 0.0639784 0.0185852 0.00137423 0 0 0 0 0 
51 0.111688 0.116993 0.750157 0.0211622 0 0 0 0 0 0 
52 0.00478568 0.86442 0.102153 0.0286405 5.21588e-07 0 0 0 0 0 
53 0 0.462495 0.251408 0.268729 0.0173679 0 0 0 0 0 
54 0.0192577 0.786752 0.135188 0.0588019 0 0 0 0 0 0 
55 0.0338875 0.682146 0.216104 0.0631898 0.00467236 0 0 0 0 0 
56 0.0380952 0.214461 0.709286 0.0381578 0 0 0 0 0 0 
57 0.0159638 0.799994 0.134113 0.0499276 1.99982e-07 0 0 0 0 0 
58 0.0242053 0.436757 0.490564 0.0451356 0.0033374 0 0 0 0 0 
59 0 0.607667 0.341962 0.0503703 0 0 0 0 0 0 
60 0.00420889 0.206433 0.726091 0.0632669 0 0 0 0 0 0 
61 0.0159638 0.800844 0.133264 0.0499276 1.99982e-07 0 0 0 0 0 
62 0.203493 0.37529 0.397651 0.0235662 0 0 0 0 0 0 
63 0.0165405 0.541306 0.391718 0.0504355 0 0 0 0 0 0 
64 0.0146395 0.287823 0.669884 0.012947 0.0147059 0 0 0 0 0 
65 0 0.6 0.4 0 0 0 0 0 0 0 
66 0.0236178 0.917203 0.0393068 0.0198715 5.9242e-07 0 0 0 0 0 
67 0 0.662495 0.251408 0.0687288 0.0173679 0 0 0 0 0 
68 0.0338875 0.682146 0.216104 0.0631898 0.00467236 0 0 0 0 0 
69 0.0231093 0.744102 0.162226 0.0705622 0 0 0 0 0 0 
70 0.0338875 0.682146 0.216104 0.0631898 0.00467236 0 0 0 0 0 
71 0.198157 0.722938 0.052409 0.0264953 7.89894e-07 0 0 0 0 0 
72 0.00957137 0.57338 0.359766 0.0572811 1.04318e-06 0 0 0 0 0 
73 0.00725639 0.805724 0.164325 0.0226944 0 0 0 0 0 0 
74 0.0234231 0.461218 0.471125 0.0207039 0.0235295 0 0 0 0 0 
75 0.0159638 0.6109 0.323208 0.0499276 1.99982e-07 0 0 0 0 0 
76 0.00512058 0.979997 0.0100748 0.00480771 0 0 0 0 0 0 
77 0.0377884 0.867525 0.0628909 0.0317944 9.47872e-07 0 0 0 0 0 
78 0.00429117 0.802836 0.169006 0.0238671 4.34656e-07 0 0 0 0 0 
79 0 0.462495 0.451407 0.0687288 0.0173679 0 0 0 0 0 
80 0.0457143 0.262746 0.64575 0.0457894 0 0 0 0 0 0 
81 0.0211797 0.303168 0.499065 0.173666 0.00292023 0 0 0 0 0 
82 0.0159638 0.800844 0.133264 0.0499276 1.99982e-07 0 0 0 0 0 
83 0.0231093 0.544103 0.362225 0.0705622 0 0 0 0 0 0 
84 0 0.462495 0.451407 0.0687288 0.0173679 0 0 0 0 0 
85 0.00957137 0.728839 0.204306 0.0572811 1.04318e-06 0 0 0 0 0 
86 0 0.662495 0.251408 0.0687288 0.0173679 0 0 0 0 0 
87 0.0231093 0.544954 0.360646 0.0712894 0 0 0 0 0 0 
88 0 0.607526 0.342104 0.0503703 0 0 0 0 0 0 
89 0.00757599 0.371579 0.506964 0.11388 0 0 0 0 0 0 
90 0 0.662495 0.251408 0.0687288 0.0173679 0 0 0 0 0 
91 0 0.462495 0.451407 0.0687289 0.0173679 0 0 0 0 0 
92 0.0377884 0.667525 0.062895 0.23179 9.47872e-07 0 0 0 0 0 
93 0.0338875 0.482146 0.416104 0.0631898 0.00467236 0 0 0 0 0 
94 0.0165066 0.817216 0.115875 0.0504016 0 0 0 0 0 0 
95 0.0941651 0.703001 0.15436 0.0451356 0.0033374 0 0 0 0 0 
96 0.265017 0.582323 0.111053 0.0416064 1.66652e-07 0 0 0 0 0 
97 0 0.122586 0.877413 0 0 0 0 0 0 0 
98 0 0.662495 0.251408 0.0687288 0.0173679 0 0 0 0 0 
99 0.0159638 0.800844 0.133264 0.0499276 1.99982e-07 0 0 0 0 0 
100 0.00957137 0.52884 0.204307 0.257281 1.04318e-06 0 0 0 0 0 
101 0.0338875 0.682146 0.216104 0.0631898 0.00467236 0 0 0 0 0 
102 0.0231095 0.744102 0.162226 0.0705622 0 0 0 0 0 0 
103 0.0159638 0.800844 0.133264 0.0499276 1.99982e-07 0 0 0 0 0 
104 0.0338875 0.482146 0.416104 0.0631898 0.00467236 0 0 0 0 0 
105 0.0159638 0.800844 0.133264 0.0499276 1.99982e-07 0 0 0 0 0 
106 0 0.653915 0.304109 0.0419752 0 0 0 0 0 0 
107 0.00757599 0.371579 0.506964 0.11388 0 0 0 0 0 0 
108 0.00957137 0.52884 0.404306 0.0572811 1.04318e-06 0 0 0 0 0 
109 0.106312 0.311337 0.551504 0.0287227 0.0021238 0 0 0 0 0 
110 0.0377884 0.867525 0.0628909 0.0317944 9.47872e-07 0 0 0 0 0 
111 0 0.434003 0.387169 0.178828 0 0 0 0 0 0 
112 0.00757599 0.371579 0.306964 0.31388 0 0 0 0 0 0 
113 0.0195193 0.384349 0.559271 0.0172532 0.0196079 0 0 0 0 0 
114 0.00757599 0.371579 0.506964 0.11388 0 0 0 0 0 0 
115 0.0195193 0.217688 0.725931 0.0172532 0.0196079 0 0 0 0 0 
116 0.00797614 0.607361 0.170261 0.214401 8.69313e-07 0 0 0 0 0 
117 0.0242053 0.57115 0.356171 0.045136 0.0033374 0 0 0 0 0 
118 0.0234231 0.461218 0.471125 0.0207039 0.0235295 0 0 0 0 0 
119 0.204762 0.381127 0.375952 0.0381578 0 0 0 0 0 0 
120 0.00631333 0.309649 0.42247 0.261567 0 0 0 0 0 0 
121 0.00797614 0.607349 0.170273 0.214401 8.69313e-07 0 0 0 0 0 
122 0.0338875 0.482146 0.416104 0.0631898 0.00467236 0 0 0 0 0 
123 0.0242692 0.488691 0.263208 0.220495 0.0033374 0 0 0 0 0 
124 0.00598211 0.705181 0.24931 0.0395263 6.51985e-07 0 0 0 0 0 
125 0 0.836528 0.142484 0.0209876 0 0 0 0 0 0 
126 0.0231093 0.544102 0.162226 0.270562 0 0 0 0 0 0 
127 0.00957137 0.72884 0.204306 0.0572811 1.04318e-06 0 0 0 0 0 
128 0.0095888 0.728822 0.204306 0.0572811 1.04318e-06 0 0 0 0 0 
129 0.0211797 0.565697 0.37071 0.0394936 0.00292023 0 0 0 0 0 
130 0 0.718746 0.209506 0.057274 0.0144733 0 0 0 0 0 
131 0.0338875 0.682146 0.216104 0.0631898 0.00467236 0 0 0 0 0 
132 0.00757602 0.571569 0.306974 0.11388 0 0 0 0 0 0 
133 0.00757599 0.371579 0.506964 0.11388 0 0 0 0 0 0 
134 0 0.407667 0.541962 0.0503703 0 0 0 0 0 0 
135 0.0338875 0.682146 0.216104 0.0631898 0.00467236 0 0 0 0 0 
136 0.00757599 0.372047 0.506497 0.11388 0 0 0 0 0 0 
137 0 0.407667 0.541962 0.0503703 0 0 0 0 0 0 
138 0.0338875 0.482146 0.229893 0.249401 0.00467236 0 0 0 0 0 
139 0.0159638 0.600844 0.333264 0.0499276 1.99982e-07 0 0 0 0 0 
140 0.0211797 0.801337 0.13507 0.0394936 0.00292023 0 0 0 0 0 
141 0.0242053 0.772961 0.15436 0.0451356 0.0033374 0 0 0 0 0 
142 0 0.662495 0.251408 0.0687288 0.0173679 0 0 0 0 0 
143 0 0.407667 0.541962 0.0503703 0 0 0 0 0 0 
144 0.00957155 0.728839 0.204306 0.0572811 1.04318e-06 0 0 0 0 0 
145 0.0377884 0.867525 0.0628909 0.0317944 9.47872e-07 0 0 0 0 0 
146 0.0338875 0.682146 0.216104 0.0631898 0.00467236 0 0 0 0 0 
147 0.00757599 0.371579 0.306964 0.31388 0 0 0 0 0 0 
148 0.0282396 0.735121 0.180087 0.0526582 0.00389364 0 0 0 0 0 
149 0.00957137 0.72884 0.204306 0.0572811 1.04318e-06 0 0 0 0 0 
150 0 0.999999 0 0 0 0 0 0 0 0 
151 0.0159638 0.800844 0.133264 0.0499276 1.99982e-07 0 0 0 0 0 
152 0.0159638 0.800844 0.133264 0.0499276 1.99982e-07 0 0 0 0 0 
153 0.0457143 0.457353 0.451143 0.0457894 0 0 0 0 0 0 
154 0.0457143 0.257353 0.651143 0.0457894 0 0 0 0 0 0 
155 0.0154708 0.938013 0.031131 0.0153847 0 0 0 0 0 0 
156 0.0269917 0.616838 0.0847783 0.271369 2.39223e-05 0 0 0 0 0 
157 0 0.758925 0.179577 0.049092 0.0124057 0 0 0 0 0 
158 0 0.227357 0.74466 0.0279837 0 0 0 0 0 0 
159 0.0133031 0.834037 0.111053 0.0416064 1.66652e-07 0 0 0 0 0 
160 0.128685 0.669562 0.173409 0.0263981 0.00194682 0 0 0 0 0 
161 0.0192577 0.786752 0.135188 0.0588019 0 0 0 0 0 0 
162 0.00757599 0.571579 0.306964 0.11388 0 0 0 0 0 0 
163 0.0338875 0.682146 0.216104 0.0631898 0.00467236 0 0 0 0 0 
164 0.0159638 0.603086 0.331022 0.0499276 1.99982e-07 0 0 0 0 0 
165 0.00757599 0.571579 0.306964 0.11388 0 0 0 0 0 0 
166 0 0.616068 0.179577 0.191949 0.0124057 0 0 0 0 0 
167 0.0234231 0.461218 0.471125 0.0207039 0.0235295 0 0 0 0 0 
168 0.0231093 0.744102 0.162226 0.0705622 0 0 0 0 0 0 
169 0.11998 0.767294 0.0849887 0.0277376 1.11101e-07 0 0 0 0 0 
170 0.0282396 0.401788 0.180087 0.385991 0.00389364 0 0 0 0 0 
171 0.0338875 0.482146 0.338276 0.141018 0.00467236 0 0 0 0 0 
172 0 0.45568 0.472572 0.057274 0.0144733 0 0 0 0 0 
173 0.475717 0.510947 0.0133355 0 0 0 0 0 0 0 
174 0.0338875 0.482146 0.216104 0.26319 0.00467236 0 0 0 0 0 
175 0.0377884 0.867525 0.0628909 0.0317944 9.47872e-07 0 0 0 0 0 
176 0.0159638 0.800844 0.133264 0.0499276 1.99982e-07 0 0 0 0 0 
177 0.0231093 0.744102 0.162226 0.0705622 0 0 0 0 0 0 
178 0.0159638 0.800844 0.133264 0.0499276 1.99982e-07 0 0 0 0 0 
179 0.00757599 0.371579 0.506964 0.11388 0 0 0 0 0 0 
180 0.0159638 0.600845 0.333263 0.0499276 1.99982e-07 0 0 0 0 0 
181 0 0.718746 0.209506 0.057274 0.0144733 0 0 0 0 0 
182 0.0457143 0.457353 0.451143 0.0457894 0 0 0 0 0 0 
183 0.0075762 0.571579 0.306964 0.11388 0 0 0 0 0 0 
184 0 0.662495 0.251408 0.0687288 0.0173679 0 0 0 0 0 
185 0.0231093 0.744102 0.162226 0.0705622 0 0 0 0 0 0 
186 0.0231093 0.544102 0.162226 0.270562 0 0 0 0 0 0 
187 0.00957137 0.52884 0.404306 0.0572811 1.04318e-06 0 0 0 0 0 
188 0.0338875 0.482146 0.416104 0.0631898 0.00467236 0 0 0 0 0 
189 0.0338875 0.482146 0.216104 0.26319 0.00467236 0 0 0 0 0 
190 0.0338875 0.682146 0.216104 0.0631898 0.00467236 0 0 0 0 0 
191 0.0135068 0.799332 0.146245 0.0409151 7.45125e-07 0 0 0 0 0 
192 0.00797806 0.607575 0.33671 0.0477362 8.69313e-07 0 0 0 0 0 
193 0.0174246 0.851724 0.0951883 0.0356626 1.42844e-07 0 0 0 0 0 
194 0.0165066 0.531502 0.258733 0.193259 0 0 0 0 0 0 
195 0.0114027 0.857746 0.0951883 0.0356626 1.42844e-07 0 0 0 0 0 
196 0.0282396 0.735121 0.180087 0.0526582 0.00389364 0 0 0 0 0 
197 0.0118639 0.726547 0.204306 0.0572811 1.04318e-06 0 0 0 0 0 
198 0.0338875 0.482146 0.416104 0.0631898 0.00467236 0 0 0 0 0 
199 0.0154708 0.938013 0.031131 0.0153847 0 0 0 0 0 0 
200 0 0.156882 0.843117 0 0 0 0 0 0 0 
201 0.0377884 0.867525 0.0628909 0.0317944 9.47872e-07 0 0 0 0 0 
202 0 0.662495 0.251408 0.0687288 0.0173679 0 0 0 0 0 
203 0 0.407674 0.541955 0.0503703 0 0 0 0 0 0 
204 0.0377884 0.667525 0.262891 0.0317944 9.47872e-07 0 0 0 0 0 
205 0.0159638 0.800844 0.133264 0.0499276 1.99982e-07 0 0 0 0 0 
206 0.0231093 0.544203 0.362125 0.0705622 0 0 0 0 0 0 
207 0.0338875 0.682045 0.216205 0.0631898 0.00467236 0 0 0 0 0 
208 0.0457143 0.257353 0.651143 0.0457894 0 0 0 0 0 0 
209 0.00957137 0.52884 0.404306 0.0572811 1.04318e-06 0 0 0 0 0 
210 0.00797614 0.759461 0.184827 0.0477342 8.69313e-07 0 0 0 0 0 
211 0 0.462687 0.451215 0.0687288 0.0173679 0 0 0 0 0 
212 0.00957137 0.72884 0.204306 0.0572811 1.04318e-06 0 0 0 0 0 
213 0.0457143 0.457353 0.451143 0.0457894 0 0 0 0 0 0 
214 0.0377884 0.867525 0.0628909 0.0317944 9.47872e-07 0 0 0 0 0 
215 0.00957137 0.72884 0.204306 0.0572811 1.04318e-06 0 0 0 0 0 
216 0.0114027 0.857675 0.0952592 0.0356626 1.42844e-07 0 0 0 0 0 
217 0.012975 0.948261 0.0259425 0.0128205 0 0 0 0 0 0 
218 0.0269917 0.633744 0.316553 0.0227104 6.77052e-07 0 0 0 0 0 
219 0.0159638 0.600844 0.333263 0.0499276 1.99982e-07 0 0 0 0 0 
220 0 0.45592 0.54408 0 0 0 0 0 0 0 
221 0.00757599 0.571579 0.306964 0.11388 0 0 0 0 0 0 
222 0.0114027 0.714497 0.0970354 0.177065 1.42844e-07 0 0 0 0 0 
223 0.0231093 0.744102 0.162226 0.0705622 0 0 0 0 0 0 
224 0.00957137 0.72884 0.204306 0.0572811 1.04318e-06 0 0 0 0 0 
225 0.00797614 0.774033 0.170255 0.0477342 8.69313e-07 0 0 0 0 0 
226 0 0.607667 0.341962 0.0503703 0 0 0 0 0 0 
227 0.00957137 0.72884 0.204306 0.0572811 1.04318e-06 0 0 0 0 0 
228 0.0231093 0.744102 0.162226 0.0705622 0 0 0 0 0 0 
229 0.00757599 0.571579 0.306964 0.11388 0 0 0 0 0 0 
230 0.0927164 0.278336 0.610517 0.00862662 0.00980395 0 0 0 0 0 
231 0.0231093 0.545006 0.361322 0.0705622 0 0 0 0 0 0 
232 0.0377884 0.667525 0.262891 0.0317944 9.47872e-07 0 0 0 0 0 
233 0 0.4 0.6 0 0 0 0 0 0 0 
234 0.0115547 0.872051 0.0811128 0.0352811 0 0 0 0 0 0 
235 0.0231093 0.744102 0.162226 0.0705622 0 0 0 0 0 0 
236 0.00757599 0.571579 0.306964 0.11388 0 0 0 0 0 0 
237 0.0457143 0.457353 0.451143 0.0457894 0 0 0 0 0 0 
238 0.0444445 0 0.614485 0.34107 0 0 0 0 0 0 
239 0.00757599 0.571579 0.306964 0.11388 0 0 0 0 0 0 
240 0 0.662495 0.251408 0.0687288 0.0173679 0 0 0 0 0 
241 0.25309 0.730611 0.0162989 0 0 0 0 0 0 0 
242 0 0.758925 0.179577 0.049092 0.0124057 0 0 0 0 0 
243 0.0195193 0.217682 0.725937 0.0172532 0.0196079 0 0 0 0 0 
244 0.0243336 0.535913 0.253074 0.182692 0.00398667 0 0 0 0 0 
245 0.00757599 0.571579 0.306964 0.11388 0 0 0 0 0 0 
246 0.0231093 0.744102 0.162226 0.0705622 0 0 0 0 0 0 
247 0 0.718746 0.209506 0.057274 0.0144733 0 0 0 0 0 
248 0.0231093 0.744102 0.162226 0.0705622 0 0 0 0 0 0 
249 0.0159638 0.800844 0.133264 0.0499276 1.99982e-07 0 0 0 0 0 
250 0.0159638 0.800844 0.133264 0.0499276 1.99982e-07 0 0 0 0 0 
251 0.0377884 0.867525 0.0628909 0.0317944 9.47872e-07 0 0 0 0 0 
252 0.0338875 0.682146 0.216104 0.0631898 0.00467236 0 0 0 0 0 
253 0.0338875 0.682146 0.216104 0.0631898 0.00467236 0 0 0 0 0 
254 0.0338875 0.682146 0.216104 0.0631898 0.00467236 0 0 0 0 0 
255 0.0231093 0.544102 0.362226 0.0705622 0 0 0 0 0 0 
256 0.0231093 0.744102 0.162226 0.0705622 0 0 0 0 0 0 
257 0.0338875 0.482146 0.216104 0.26319 0.00467236 0 0 0 0 0 
258 0 0.576872 0.387148 0.0359788 0 0 0 0 0 0 
259 0.0338875 0.482146 0.216104 0.26319 0.0046724 0 0 0 0 0 
260 0.00683669 0.5206 0.431647 0.040915 7.45125e-07 0 0 0 0 0 
261 0.0154708 0.938013 0.031131 0.0153847 0 0 0 0 0 0 
262 0.0457143 0.257353 0.651143 0.0457894 0 0 0 0 0 0 
263 0.63122 0.368779 1.235e-06 0 0 0 0 0 0 0 
264 0.0888889 0 0.701221 0.209889 0 0 0 0 0 0 
265 0.0231093 0.744102 0.162226 0.0705622 0 0 0 0 0 0 
266 0.0234231 0.261218 0.671125 0.0207039 0.0235295 0 0 0 0 0 
267 0.00757599 0.371579 0.307138 0.313706 0 0 0 0 0 0 
268 0 0.407667 0.541962 0.0503703 0 0 0 0 0 0 
269 0 0.662495 0.251408 0.0687288 0.0173679 0 0 0 0 0 
270 0.00757599 0.571579 0.306964 0.11388 0 0 0 0 0 0 
271 0.0576124 0.935619 0.00676849 0 0 0 0 0 0 0 
272 0 0.662495 0.251408 0.0687288 0.0173679 0 0 0 0 0 
273 0.00757599 0.571579 0.306964 0.11388 0 0 0 0 0 0 
274 0.0159638 0.800844 0.133264 0.0499276 1.99982e-07 0 0 0 0 0 
275 0.00957137 0.72884 0.204306 0.0572811 1.04318e-06 0 0 0 0 0 
276 0.0154708 0.938013 0.031131 0.0153847 0 0 0 0 0 0 
277 0.0231093 0.744102 0.162226 0.0705622 0 0 0 0 0 0 
278 0.0159638 0.800844 0.133264 0.0499276 1.99982e-07 0 0 0 0 0 
279 0 0.662495 0.251408 0.0687288 0.0173679 0 0 0 0 0 
280 0.00957137 0.52884 0.404306 0.0572811 1.04318e-06 0 0 0 0 0 
281 0.0159638 0.800844 0.133264 0.0499276 1.99982e-07 0 0 0 0 0 
282 0.0159638 0.800844 0.133264 0.0499276 1.99982e-07 0 0 0 0 0 
283 0.0338875 0.682146 0.216104 0.0631898 0.00467236 0 0 0 0 0 
284 0.0154998 0.937984 0.031131 0.0153847 0 0 0 0 0 0 
285 0 0.462495 0.451407 0.0687288 0.0173679 0 0 0 0 0 
286 0.0282398 0.735121 0.180087 0.0526582 0.00389364 0 0 0 0 0 
287 0 0.385413 0.54284 0.057274 0.0144733 0 0 0 0 0 
288 0 0.718746 0.209507 0.057274 0.0144733 0 0 0 0 0 
289 0.0165246 0.817194 0.115879 0.0504016 0 0 0 0 0 0 
290 0.0133031 0.834037 0.111053 0.0416064 1.66652e-07 0 0 0 0 0 
291 0.0234231 0.261218 0.671125 0.0207039 0.0235295 0 0 0 0 0 
292 0.00757599 0.571579 0.306964 0.11388 0 0 0 0 0 0 
293 0.0159638 0.800844 0.133264 0.0499276 1.99982e-07 0 0 0 0 0 
294 0.00631333 0.309649 0.258961 0.425076 0 0 0 0 0 0 
295 0.00757599 0.571579 0.306964 0.11388 0 0 0 0 0 0 
296 0.00957154 0.728839 0.204306 0.0572811 1.04318e-06 0 0 0 0 0 
297 0.0457143 0.257353 0.651143 0.0457894 0 0 0 0 0 0 
298 0.00957137 0.728839 0.204307 0.0572811 1.04318e-06 0 0 0 0 0 
299 0.0282396 0.735121 0.180087 0.0526582 0.00389364 0 0 0 0 0 
300 0 0.718746 0.209506 0.057274 0.0144733 0 0 0 0 0 
301 0.0211797 0.80134 0.135066 0.0394936 0.00292023 0 0 0 0 0 
302 0.0159638 0.800843 0.133265 0.0499276 1.99982e-07 0 0 0 0 0 
303 0.255427 0.715235 0.029338 0 0 0 0 0 0 0 
304 0.0159638 0.800844 0.133264 0.0499276 1.99982e-07 0 0 0 0 0 
305 0.0192577 0.786752 0.135188 0.0588019 0 0 0 0 0 0 
306 0 0.462497 0.451405 0.0687288 0.0173679 0 0 0 0 0 
307 0.0159638 0.800842 0.133266 0.0499276 1.99982e-07 0 0 0 0 0 
308 0.00957137 0.52884 0.204307 0.257281 1.04318e-06 0 0 0 0 0 
309 0.0159638 0.800844 0.133264 0.0499276 1.99982e-07 0 0 0 0 0 
310 0.0338875 0.682146 0.216104 0.0631898 0.00467236 0 0 0 0 0 
311 0.0195193 0.302688 0.640931 0.0172532 0.0196079 0 0 0 0 0 
312 0.0159638 0.800844 0.133264 0.0499276 1.99982e-07 0 0 0 0 0 
313 0.0159638 0.800844 0.133264 0.0499276 1.99982e-07 0 0 0 0 0 
314 0.0380952 0.214461 0.709286 0.0381578 0 0 0 0 0 0 
315 0.0338875 0.682146 0.216104 0.0631898 0.00467236 0 0 0 0 0 
316 0.0231093 0.744102 0.162226 0.0705622 0 0 0 0 0 0 
317 0 0.298902 0.665118 0.0359788 0 0 0 0 0 0 
318 0.00757599 0.571579 0.306964 0.11388 0 0 0 0 0 0 
319 0.0282405 0.568454 0.346753 0.0526582 0.00389364 0 0 0 0 0 
320 0.0282396 0.568455 0.346753 0.0526582 0.00389364 0 0 0 0 0 
321 0.00598211 0.455574 0.502642 0.0358007 6.51985e-07 0 0 0 0 0 
322 0 0.607667 0.341962 0.0503703 0 0 0 0 0 0 
323 0 0.4 0.6 0 0 0 0 0 0 0 
324 0 0.462495 0.451407 0.0687288 0.0173679 0 0 0 0 0 
325 0.0231093 0.744102 0.162226 0.0705622 0 0 0 0 0 0 
326 0.0242053 0.772948 0.154373 0.0451356 0.0033374 0 0 0 0 0 
327 0.00797614 0.607366 0.336922 0.0477342 8.69313e-07 0 0 0 0 0 
328 0.00957137 0.52884 0.204307 0.257281 1.04318e-06 0 0 0 0 0 
329 0.0159638 0.800844 0.133264 0.0499276 1.99982e-07 0 0 0 0 0 
330 0.0338875 0.682146 0.216104 0.0631898 0.00467236 0 0 0 0 0 
331 0.0234231 0.261218 0.471125 0.0207039 0.223529 0 0 0 0 0 
332 0.0236178 0.917203 0.0393068 0.0198715 5.9242e-07 0 0 0 0 0 
333 0.0133031 0.666368 0.278721 0.0416068 1.66652e-07 0 0 0 0 0 
334 0.00957137 0.728839 0.204306 0.0572811 1.04318e-06 0 0 0 0 0 
335 0.0159638 0.800844 0.133264 0.0499276 1.99982e-07 0 0 0 0 0 
336 0.0159638 0.633196 0.300912 0.0499276 1.99982e-07 0 0 0 0 0 
337 0.0133031 0.834037 0.111053 0.0416064 1.66652e-07 0 0 0 0 0 
338 0.0338875 0.482146 0.416104 0.0631898 0.00467236 0 0 0 0 0 
339 0.00957137 0.72884 0.204306 0.0572811 1.04318e-06 0 0 0 0 0 
340 0.0338875 0.682146 0.216104 0.0631898 0.00467236 0 0 0 0 0 
341 0.0092359 0.569919 0.306964 0.11388 0 0 0 0 0 0 
342 0.0159638 0.600844 0.333264 0.0499277 1.99982e-07 0 0 0 0 0 
343 0.0338875 0.682146 0.216104 0.0631898 0.00467236 0 0 0 0 0 
344 0 0.462495 0.451405 0.0687316 0.0173679 0 0 0 0 0 
345 0.0231093 0.544105 0.362223 0.0705624 0 0 0 0 0 0 
346 0 0.462495 0.451407 0.0687288 0.0173679 0 0 0 0 0 
347 0.0231093 0.626638 0.27969 0.0705622 0 0 0 0 0 0 
348 0.00957137 0.52884 0.404306 0.0572811 1.04318e-06 0 0 0 0 0 
349 0.0457143 0.257353 0.651143 0.0457894 0 0 0 0 0 0 
350 0.0159638 0.800844 0.133264 0.0499276 1.99982e-07 0 0 0 0 0 
351 0 0.222222 0.777777 0 0 0 0 0 0 0 
352 0.00957137 0.530622 0.402524 0.0572811 1.04318e-06 0 0 0 0 0 
353 0 0.407667 0.341962 0.25037 0 0 0 0 0 0 
354 0.00685378 0.523302 0.285269 0.184548 2.75539e-05 0 0 0 0 0 
355 0.0457143 0.257353 0.451143 0.245789 0 0 0 0 0 0 
356 0 0.533333 0.33365 0.133016 0 0 0 0 0 0 
357 0 0.662495 0.251408 0.0687288 0.0173679 0 0 0 0 0 
358 0 0.122586 0.877413 0 0 0 0 0 0 0 
359 0.0195193 0.551015 0.392604 0.0172532 0.0196079 0 0 0 0 0 
360 0.00757599 0.371579 0.306964 0.31388 0 0 0 0 0 0 
361 0.0457143 0.257354 0.651142 0.0457894 0 0 0 0 0 0 
362 0.0338875 0.482146 0.416104 0.0631898 0.00467236 0 0 0 0 0 
363 0 0.407737 0.541892 0.0503703 0 0 0 0 0 0 
364 0.0269917 0.905375 0.044922 0.0227103 6.77052e-07 0 0 0 0 0 
365 0.0269917 0.905375 0.0449221 0.0227103 6.77052e-07 0 0 0 0 0 
366 0.307514 0.489653 0.15436 0.0451356 0.0033374 0 0 0 0 0 
367 0.0380952 0.381127 0.542619 0.0381578 0 0 0 0 0 0 
368 0 0.662495 0.251408 0.0687288 0.0173679 0 0 0 0 0 
369 0.0282396 0.735121 0.180087 0.0526582 0.00389364 0 0 0 0 0 
370 0.0231093 0.744102 0.162226 0.0705622 0 0 0 0 0 0 
371 0.00797614 0.607366 0.336922 0.0477342 8.69313e-07 0 0 0 0 0 
372 0.00957137 0.72884 0.204306 0.0572811 1.04318e-06 0 0 0 0 0 
373 0 0.506389 0.451635 0.0419752 0 0 0 0 0 0 
374 0.00757599 0.371579 0.506964 0.11388 0 0 0 0 0 0 
375 0.00957137 0.72884 0.204306 0.0572811 1.04318e-06 0 0 0 0 0 
376 0.0377884 0.667525 0.0662591 0.228426 9.47872e-07 0 0 0 0 0 
377 0.00797614 0.440734 0.503529 0.0477592 8.69313e-07 0 0 0 0 0 
378 0.00683669 0.663368 0.288879 0.040915 7.45125e-07 0 0 0 0 0 
379 0.00757599 0.371579 0.506964 0.11388 0 0 0 0 0 0 
380 0.0231093 0.744102 0.162226 0.0705622 0 0 0 0 0 0 
381 0.00757599 0.571579 0.306964 0.11388 0 0 0 0 0 0 
382 0 0.733333 0.13365 0.133016 0 0 0 0 0 0 
383 0.0457143 0.257353 0.651143 0.0457894 0 0 0 0 0 0 
384 0.00757599 0.371579 0.506964 0.11388 0 0 0 0 0 0 
385 0.0114027 0.857746 0.0951883 0.0356626 1.42844e-07 0 0 0 0 0 
386 0.00631333 0.309649 0.432876 0.251161 0 0 0 0 0 0 
387 0.0160493 0.800759 0.133264 0.0499276 1.99982e-07 0 0 0 0 0 
388 0.00797614 0.4407 0.171924 0.379399 8.69313e-07 0 0 0 0 0 
389 0.0236178 0.790952 0.165559 0.0198715 5.9242e-07 0 0 0 0 0 
390 0 0.607667 0.341962 0.0503703 0 0 0 0 0 0 
391 0.00683669 0.377743 0.574505 0.0409151 7.45125e-07 0 0 0 0 0 
392 0.0159638 0.800844 0.133264 0.0499276 1.99982e-07 0 0 0 0 0 
393 0.0231093 0.544102 0.362226 0.0705622 0 0 0 0 0 0 
394 0.0338875 0.482146 0.416104 0.0631898 0.00467236 0 0 0 0 0 
395 0.00757599 0.371579 0.506964 0.11388 0 0 0 0 0 0 
396 0 0.462516 0.451386 0.0687289 0.0173679 0 0 0 0 0 
397 0.00957137 0.52884 0.204307 0.257281 1.04318e-06 0 0 0 0 0 
398 0.0159638 0.800844 0.133264 0.0499276 1.99982e-07 0 0 0 0 0 
399 0.0338875 0.682146 0.216104 0.0631898 0.00467236 0 0 0 0 0 
400 0.0159638 0.800844 0.133264 0.0499276 1.99982e-07 0 0 0 0 0 
401 0.0377884 0.867525 0.0628909 0.0317944 9.47872e-07 0 0 0 0 0 
402 0.0338875 0.682146 0.216104 0.0631898 0.00467236 0 0 0 0 0 
403 0.0377884 0.667525 0.0628909 0.231794 9.47872e-07 0 0 0 0 0 
404 0.00757599 0.571579 0.306964 0.11388 0 0 0 0 0 0 
405 0.00531863 0.849353 0.113505 0.0318228 5.79542e-07 0 0 0 0 0 
406 0.0192577 0.786752 0.135188 0.0588019 0 0 0 0 0 0 
407 0.0674841 0.83783 0.0628909 0.0317944 9.47872e-07 0 0 0 0 0 
408 0.179876 0.558535 0.204306 0.0572811 1.04318e-06 0 0 0 0 0 
409 0.0282396 0.568451 0.346758 0.0526581 0.00389364 0 0 0 0 0 
410 0.0231093 0.544102 0.162226 0.270562 0 0 0 0 0 0 
411 0.00797614 0.774033 0.170256 0.0477342 8.69313e-07 0 0 0 0 0 
412 0.0159638 0.800844 0.133264 0.0499276 1.99982e-07 0 0 0 0 0 
413 0.0242053 0.344404 0.582778 0.045274 0.0033374 0 0 0 0 0 
414 0.00957137 0.529033 0.404113 0.0572811 1.04318e-06 0 0 0 0 0 
415 0.0231093 0.544102 0.16223 0.270557 0 0 0 0 0 0 
416 0 0.662495 0.251408 0.0687288 0.0173679 0 0 0 0 0 
417 0 0.662495 0.251408 0.0687288 0.0173679 0 0 0 0 0 
418 0.0159638 0.600844 0.333264 0.0499276 1.99982e-07 0 0 0 0 0 
419 0 0.266666 0.733333 0 0 0 0 0 0 0 
420 0.0159664 0.800595 0.133511 0.0499276 1.99982e-07 0 0 0 0 0 
421 0 0.673056 0.284968 0.0419752 0 0 0 0 0 0 
422 0.00957137 0.72884 0.204306 0.0572811 1.04318e-06 0 0 0 0 0 
423 0.0159638 0.600844 0.133264 0.249928 1.99982e-07 0 0 0 0 0 
424 0.00957137 0.72884 0.204306 0.0572811 1.04318e-06 0 0 0 0 0 
425 0.0159638 0.800844 0.133264 0.0499276 1.99982e-07 0 0 0 0 0 
426 0.12106 0.458095 0.306964 0.11388 0 0 0 0 0 0 
427 0.120652 0.595381 0.216104 0.0631898 0.00467236 0 0 0 0 0 
428 0.0389907 0.866323 0.0628909 0.0317944 9.47872e-07 0 0 0 0 0 
429 0.00957137 0.72884 0.204306 0.0572811 1.04318e-06 0 0 0 0 0 
430 0.00957137 0.72884 0.204306 0.0572811 1.04318e-06 0 0 0 0 0 
431 0 0.462495 0.451407 0.0687288 0.0173679 0 0 0 0 0 
432 0 0.733333 0.13365 0.133016 0 0 0 0 0 0 
433 0.00957238 0.728839 0.204307 0.0572811 1.04318e-06 0 0 0 0 0 
434 0.0133031 0.667234 0.111385 0.208077 1.66652e-07 0 0 0 0 0 
435 0.00757599 0.371579 0.506964 0.11388 0 0 0 0 0 0 
436 0 0.552079 0.376173 0.057274 0.0144733 0 0 0 0 0 
437 0.0159638 0.600844 0.133264 0.249928 1.99982e-07 0 0 0 0 0 
438 0.00957137 0.72884 0.204306 0.0572811 1.04318e-06 0 0 0 0 0 
439 0.0564711 0.848843 0.0628909 0.0317944 9.47872e-07 0 0 0 0 0 
440 0.190889 0.547522 0.204306 0.0572811 1.04318e-06 0 0 0 0 0 
441 0.00683669 0.806314 0.145933 0.040915 7.45125e-07 0 0 0 0 0 
442 0.00957137 0.72884 0.204306 0.0572811 1.04318e-06 0 0 0 0 0 
443 0.0192577 0.617386 0.304554 0.0588019 0 0 0 0 0 0 
444 0 0.462495 0.451407 0.0687288 0.0173679 0 0 0 0 0 
445 0.130181 0.601227 0.230891 0.0351054 0.00259576 0 0 0 0 0 
446 0 0.662495 0.251408 0.0687288 0.0173679 0 0 0 0 0 
447 0 0.662495 0.251408 0.0687288 0.0173679 0 0 0 0 0 
448 0.0159638 0.800844 0.133264 0.0499276 1.99982e-07 0 0 0 0 0 
449 0.0231093 0.744102 0.162226 0.0705622 0 0 0 0 0 0 
450 0.0159638 0.800844 0.133264 0.0499276 1.99982e-07 0 0 0 0 0 
451 0.0159638 0.800844 0.133264 0.0499276 1.99982e-07 0 0 0 0 0 
452 0.00957137 0.728839 0.204306 0.0572811 1.04318e-06 0 0 0 0 0 
453 0 0.662495 0.251408 0.0687288 0.0173679 0 0 0 0 0 
454 0.00957137 0.72884 0.204306 0.0572811 1.04318e-06 0 0 0 0 0 
455 0.0338875 0.682146 0.216104 0.0631898 0.00467236 0 0 0 0 0 
456 0.00957137 0.72884 0.204306 0.0572811 1.04318e-06 0 0 0 0 0 
457 0 0.662495 0.251408 0.0687288 0.0173679 0 0 0 0 0 
458 0.00957137 0.532079 0.401067 0.0572811 1.04318e-06 0 0 0 0 0 
459 0.0338875 0.682146 0.216104 0.0631898 0.00467236 0 0 0 0 0 
460 0 0.662495 0.251408 0.0687288 0.0173679 0 0 0 0 0 
461 0.0338875 0.682146 0.216104 0.0631898 0.00467236 0 0 0 0 0 
462 0.0338875 0.682146 0.216104 0.0631898 0.00467236 0 0 0 0 0 
463 0.0231093 0.744102 0.162226 0.0705622 0 0 0 0 0 0 
464 0.0338875 0.482146 0.416104 0.0631898 0.00467236 0 0 0 0 0 
465 0.0338875 0.682146 0.216104 0.0631898 0.00467236 0 0 0 0 0 
466 0.0554789 0.915183 0.029338 0 0 0 0 0 0 0 
467 0.00757599 0.571579 0.306964 0.11388 0 0 0 0 0 0 
468 0 0.607631 0.341998 0.0503703 0 0 0 0 0 0 
469 0.00797614 0.607297 0.170395 0.214331 8.69313e-07 0 0 0 0 0 
470 0.00957137 0.728666 0.20448 0.0572811 1.04318e-06 0 0 0 0 0 
471 0.0457143 0.457353 0.451143 0.0457894 0 0 0 0 0 0 
472 0.0159638 0.800844 0.133264 0.0499276 1.99982e-07 0 0 0 0 0 
473 0.0457143 0.457353 0.451143 0.0457894 0 0 0 0 0 0 
474 0.288889 0 0.501221 0.209889 0 0 0 0 0 0 
475 0 0.147277 0.852722 0 0 0 0 0 0 0 
476 0.00757599 0.371579 0.506964 0.11388 0 0 0 0 0 0 
477 0.0231093 0.744094 0.162234 0.0705622 0 0 0 0 0 0 
478 0.0338875 0.682144 0.216106 0.0631898 0.00467236 0 0 0 0 0 
479 0.0231093 0.544102 0.162262 0.270526 0 0 0 0 0 0 
480 0.0171767 0.939784 0.0285869 0.014452 4.30851e-07 0 0 0 0 0 
481 0.0115547 0.872051 0.0811128 0.0352811 0 0 0 0 0 0 
482 0.0159638 0.800844 0.133264 0.0499276 1.99982e-07 0 0 0 0 0 
483 0.0231093 0.744102 0.162226 0.0705622 0 0 0 0 0 0 
484 0.00957137 0.528852 0.404294 0.0572811 1.04318e-06 0 0 0 0 0 
485 0.00957137 0.72884 0.204306 0.0572811 1.04318e-06 0 0 0 0 0 
486 0.00957137 0.52884 0.404306 0.0572811 1.04318e-06 0 0 0 0 0 
487 0.00797614 0.607366 0.336922 0.0477342 8.69313e-07 0 0 0 0 0 
488 0 0.733333 0.13365 0.133016 0 0 0 0 0 0 
489 0.00757599 0.375206 0.503337 0.11388 0 0 0 0 0 0 
490 0.00957137 0.52884 0.404306 0.0572811 1.04318e-06 0 0 0 0 0 
491 0 0.533333 0.134126 0.332541 0 0 0 0 0 0 
492 0.0231093 0.544102 0.162226 0.270562 0 0 0 0 0 0 
493 0.0159638 0.800844 0.133264 0.0499276 1.99982e-07 0 0 0 0 0 
494 0 0.662495 0.251408 0.0687288 0.0173679 0 0 0 0 0 
495 0.0159638 0.800844 0.133264 0.0499276 1.99982e-07 0 0 0 0 0 
496 0.0231093 0.544102 0.362226 0.0705622 0 0 0 0 0 0 
497 0.00957137 0.52884 0.404306 0.0572811 1.04318e-06 0 0 0 0 0 
498 0.0377884 0.867525 0.0628909 0.0317944 9.47872e-07 0 0 0 0 0 
499 0.00757599 0.371616 0.506927 0.11388 0 0 0 0 0 0 
500 0.0159638 0.600844 0.333264 0.0499276 1.99982e-07 0 0 0 0 0 
501 0.0159638 0.600844 0.133264 0.249928 1.99982e-07 0 0 0 0 0 
502 0 0.666666 0.333333 0 0 0 0 0 0 0 
503 0 0.395106 0.436797 0.157243 0.010855 0 0 0 0 0 
504 0 0.412406 0.520177 0.0674167 0 0 0 0 0 0 
505 0.0234231 0.261218 0.671125 0.0207039 0.0235295 0 0 0 0 0 
506 0.0231093 0.544102 0.362226 0.0705622 0 0 0 0 0 0 
507 0 0.462495 0.251408 0.0687288 0.217368 0 0 0 0 0 
508 0.00957137 0.72884 0.204306 0.0572811 1.04318e-06 0 0 0 0 0 
509 0.00757599 0.571579 0.306964 0.11388 0 0 0 0 0 0 
510 0.0154708 0.738013 0.031131 0.215384 0 0 0 0 0 0 
511 0 0.407667 0.541962 0.0503703 0 0 0 0 0 0 
512 0.0159638 0.800844 0.133264 0.0499276 1.99982e-07 0 0 0 0 0 
513 0.0338875 0.482146 0.416104 0.0631898 0.00467236 0 0 0 0 0 
514 0.00957137 0.72884 0.204307 0.0572811 1.04318e-06 0 0 0 0 0 
515 0.0231093 0.744102 0.162226 0.0705622 0 0 0 0 0 0 
516 0.0231093 0.744102 0.162226 0.0705622 0 0 0 0 0 0 
517 0.0377884 0.867525 0.0628909 0.0317944 9.47872e-07 0 0 0 0 0 
518 0 0.662495 0.251408 0.0687288 0.0173679 0 0 0 0 0 
519 0.0338875 0.48239 0.41586 0.0631898 0.00467236 0 0 0 0 0 
520 0.00877472 0.781163 0.174261 0.0358007 6.51985e-07 0 0 0 0 0 
521 0 0.178106 0.821894 0 0 0 0 0 0 0 
522 0 0.462495 0.251528 0.268604 0.0173726 0 0 0 0 0 
523 0.0377884 0.667525 0.0630546 0.231631 9.47872e-07 0 0 0 0 0 
524 0.0192577 0.786752 0.135188 0.0588019 0 0 0 0 0 0 
525 0.0154708 0.938013 0.031131 0.0153847 0 0 0 0 0 0 
526 0.0159638 0.600844 0.333264 0.0499276 1.99982e-07 0 0 0 0 0 
527 0 0.462495 0.251408 0.268729 0.0173679 0 0 0 0 0 
528 0.0338875 0.482146 0.416104 0.0631898 0.00467236 0 0 0 0 0 
529 0.0159638 0.800807 0.133301 0.0499276 1.99982e-07 0 0 0 0 0 
530 0.0457143 0.457353 0.451143 0.0457894 0 0 0 0 0 0 
531 0.0159638 0.800844 0.133264 0.0499276 1.99982e-07 0 0 0 0 0 
532 0.0338875 0.482146 0.416104 0.0631898 0.00467236 0 0 0 0 0 
533 0.0338875 0.682146 0.216104 0.0631898 0.00467236 0 0 0 0 0 
534 0.0159638 0.800844 0.133264 0.0499276 1.99982e-07 0 0 0 0 0 
535 0.0231093 0.744102 0.162226 0.0705622 0 0 0 0 0 0 
536 0.0338875 0.482146 0.416104 0.0631898 0.00467236 0 0 0 0 0 
537 0.0338875 0.482146 0.416104 0.0631898 0.00467236 0 0 0 0 0 
538 0.0159638 0.800844 0.133264 0.0499276 1.99982e-07 0 0 0 0 0 
539 0.0159638 0.600844 0.333264 0.0499276 1.99982e-07 0 0 0 0 0 
540 0.0457143 0.303769 0.604726 0.0457894 0 0 0 0 0 0 
541 0.0114027 0.857746 0.0951883 0.0356626 1.42844e-07 0 0 0 0 0 
542 0.0154708 0.938013 0.031131 0.0153847 0 0 0 0 0 0 
543 0.0165066 0.817216 0.115875 0.0504016 0 0 0 0 0 0 
544 0.0231093 0.544102 0.162268 0.27052 0 0 0 0 0 0 
545 0.00797614 0.774033 0.170255 0.0477342 8.69313e-07 0 0 0 0 0 
546 0.0195193 0.217785 0.725834 0.0172533 0.0196079 0 0 0 0 0 
547 0 0.662495 0.251408 0.0687288 0.0173679 0 0 0 0 0 
548 0.0338875 0.482146 0.416104 0.0631902 0.00467236 0 0 0 0 0 
549 0 0.552079 0.376173 0.057274 0.0144733 0 0 0 0 0 
550 0.00957137 0.72884 0.204306 0.0572811 1.04318e-06 0 0 0 0 0 
551 0.00796449 0.571191 0.306964 0.11388 0 0 0 0 0 0 
552 0.0154708 0.738013 0.231131 0.0153847 0 0 0 0 0 0 
553 0.00473504 0.732074 0.192016 0.0711752 0 0 0 0 0 0 
554 0.0115894 0.857559 0.0951883 0.0356626 1.42844e-07 0 0 0 0 0 
555 0.0314904 0.889605 0.052409 0.0264953 7.89894e-07 0 0 0 0 0 
556 0 0.662495 0.251408 0.0687288 0.0173679 0 0 0 0 0 
557 0.0159638 0.621019 0.313089 0.0499276 1.99982e-07 0 0 0 0 0 
558 0 0.64232 0.271583 0.0687288 0.0173679 0 0 0 0 0 
559 0.0338875 0.482146 0.216104 0.26319 0.00467236 0 0 0 0 0 
560 0.0234231 0.417916 0.514427 0.0207039 0.0235295 0 0 0 0 0 
561 0 0.662495 0.251408 0.0687288 0.0173679 0 0 0 0 0 
562 0.0338875 0.682146 0.216104 0.0631898 0.00467236 0 0 0 0 0 
563 0.0338875 0.682146 0.216104 0.0631898 0.00467236 0 0 0 0 0 
564 0.0338875 0.482146 0.216104 0.0631898 0.204672 0 0 0 0 0 
565 0.0338875 0.482146 0.416104 0.0631898 0.00467236 0 0 0 0 0 
566 0.00757599 0.571579 0.306964 0.11388 0 0 0 0 0 0 
567 0.00957137 0.52884 0.404306 0.0572811 1.04318e-06 0 0 0 0 0 
568 0.0159638 0.664438 0.26967 0.0499276 1.99982e-07 0 0 0 0 0 
569 0 0.462495 0.451407 0.0687288 0.0173679 0 0 0 0 0 
570 0.0231093 0.744102 0.162226 0.0705622 0 0 0 0 0 0 
571 0.0159638 0.800844 0.133264 0.0499276 1.99982e-07 0 0 0 0 0 
572 0.0338875 0.482146 0.216104 0.26319 0.00467236 0 0 0 0 0 
573 0.0231108 0.744101 0.162226 0.0705622 0 0 0 0 0 0 
574 0.0231093 0.744102 0.162226 0.0705622 0 0 0 0 0 0 
575 0.00957137 0.72884 0.204306 0.0572811 1.04318e-06 0 0 0 0 0 
576 0.0377884 0.667525 0.262891 0.0317944 9.47872e-07 0 0 0 0 0 
577 0.0377884 0.867525 0.0628909 0.0317944 9.47872e-07 0 0 0 0 0 
578 0.0888889 0 0.701221 0.209889 0 0 0 0 0 0 
579 0.0159638 0.800844 0.133264 0.0499276 1.99982e-07 0 0 0 0 0 
580 0.0159638 0.600847 0.333261 0.0499276 1.99982e-07 0 0 0 0 0 
581 0 0.407667 0.541962 0.0503703 0 0 0 0 0 0 
582 0.00957137 0.72884 0.204306 0.0572811 1.04318e-06 0 0 0 0 0 
583 0.0159638 0.600844 0.333264 0.0499276 1.99982e-07 0 0 0 0 0 
584 0.0133053 0.667366 0.111067 0.208261 1.66652e-07 0 0 0 0 0 
585 0 0.407667 0.541962 0.0503703 0 0 0 0 0 0 
586 0.0159638 0.630631 0.303477 0.0499276 1.99982e-07 0 0 0 0 0 
587 0.0133031 0.642546 0.135899 0.208248 3.41618e-06 0 0 0 0 0 
588 0 0.466666 0.533333 0 0 0 0 0 0 0 
589 0 0.464451 0.449452 0.0687288 0.0173679 0 0 0 0 0 
590 0.0133031 0.717852 0.227237 0.0416064 1.66652e-07 0 0 0 0 0 
591 0.0338875 0.682145 0.216104 0.0631898 0.00467236 0 0 0 0 0 
592 0 0.662495 0.251408 0.0687288 0.0173679 0 0 0 0 0 
593 0 0.407667 0.341962 0.25037 0 0 0 0 0 0 
594 0.00757599 0.373381 0.504753 0.11429 0 0 0 0 0 0 
595 0.0377884 0.867525 0.0628909 0.0317944 9.47872e-07 0 0 0 0 0 
596 0.00957137 0.72884 0.204306 0.0572811 1.04318e-06 0 0 0 0 0 
597 0 0.733333 0.13365 0.133016 0 0 0 0 0 0 
598 0 0.462495 0.251408 0.268729 0.0173679 0 0 0 0 0 
599 0 0.462495 0.251408 0.0692726 0.216824 0 0 0 0 0 
600 0.00957137 0.542842 0.390304 0.0572811 1.04318e-06 0 0 0 0 0 
601 0.0338875 0.482146 0.416104 0.0631898 0.00467236 0 0 0 0 0 
602 0 0.462495 0.451407 0.0687288 0.0173679 0 0 0 0 0 
603 0.0231093 0.544102 0.362226 0.0705622 0 0 0 0 0 0 
604 0.0159638 0.600844 0.133264 0.249928 1.99982e-07 0 0 0 0 0 
605 0.0159638 0.800844 0.133264 0.0499276 1.99982e-07 0 0 0 0 0 
606 0.0159638 0.800844 0.133264 0.0499276 1.99982e-07 0 0 0 0 0 
607 0 0.462495 0.451407 0.0687288 0.0173679 0 0 0 0 0 
608 0.0457143 0.257353 0.451254 0.245678 0 0 0 0 0 0 
609 0.0154708 0.738013 0.231131 0.0153847 0 0 0 0 0 0 
610 0.00757599 0.371579 0.354247 0.266598 0 0 0 0 0 0 
611 0.00957137 0.72884 0.204306 0.0572811 1.04318e-06 0 0 0 0 0 
612 0.0231093 0.744102 0.162226 0.0705622 0 0 0 0 0 0 
613 0.0154708 0.938013 0.031131 0.0153847 0 0 0 0 0 0 
614 0 0.462495 0.451407 0.0687288 0.0173679 0 0 0 0 0 
615 0 0.462495 0.254021 0.266116 0.0173679 0 0 0 0 0 
616 0 0.662495 0.251408 0.0687288 0.0173679 0 0 0 0 0 
617 0.0269917 0.619661 0.330636 0.0227103 6.77052e-07 0 0 0 0 0 
618 0.0457143 0.457353 0.451143 0.0457894 0 0 0 0 0 0 
619 0 0.463997 0.44981 0.0688245 0.0173679 0 0 0 0 0 
620 0 0 0.999999 0 0 0 0 0 0 0 
621 0.0234231 0.416653 0.51569 0.0207039 0.0235295 0 0 0 0 0 
622 0.0338875 0.526714 0.371536 0.0631898 0.00467236 0 0 0 0 0 
623 0.00957137 0.530445 0.402372 0.0576102 1.04318e-06 0 0 0 0 0 
624 0.00957137 0.52884 0.404306 0.0572811 1.04318e-06 0 0 0 0 0 
625 0.0338875 0.482146 0.216104 0.26319 0.00467236 0 0 0 0 0 
626 0.0159638 0.800844 0.133264 0.0499276 1.99982e-07 0 0 0 0 0 
627 0.00957137 0.72884 0.204306 0.0572811 1.04318e-06 0 0 0 0 0 
628 0.0159638 0.601197 0.332911 0.0499276 1.99982e-07 0 0 0 0 0 
629 0.0159638 0.800492 0.133616 0.0499276 1.99982e-07 0 0 0 0 0 
630 0.0231093 0.544102 0.362226 0.0705622 0 0 0 0 0 0 
631 0.0378316 0.867482 0.0628909 0.0317944 9.47872e-07 0 0 0 0 0 
632 0.00757599 0.371579 0.506964 0.11388 0 0 0 0 0 0 
633 0 0.147113 0.852887 0 0 0 0 0 0 0 
634 0.0231093 0.744102 0.162226 0.0705622 0 0 0 0 0 0 
635 0.0377884 0.867525 0.0628909 0.0317944 9.47872e-07 0 0 0 0 0 
636 0 0.662495 0.251408 0.0687288 0.0173679 0 0 0 0 0 
637 0.0338875 0.482162 0.416087 0.0631898 0.00467236 0 0 0 0 0 
638 0 0.462495 0.251408 0.268729 0.0173679 0 0 0 0 0 
639 0.0377884 0.867525 0.0628909 0.0317944 9.47872e-07 0 0 0 0 0 
640 0 0.266666 0.733333 0 0 0 0 0 0 0 
