5 0 100 6 1
1 1 100 6 0.5
2 1 100 6 0.5
3 2 100 6 1
4 3 100 6 1
5 4 100 6 1
5 5 100 6 7.86118e-05
6 5 100 6 0.999921
6 0 100 7 1
1 1 100 7 0.667331
2 1 100 7 0.332669
1 2 100 7 0.19904
2 2 100 7 0.40048
3 2 100 7 0.20024
4 2 100 7 0.20024
3 3 100 7 0.333333
4 3 100 7 0.333333
5 3 100 7 0.333333
3 4 100 7 0.2
4 4 100 7 0.2
5 4 100 7 0.4
6 4 100 7 0.2
6 5 100 7 0.666646
7 5 100 7 0.333354
6 6 100 7 7.72631e-05
7 6 100 7 0.999923
2 0 100 8 0.690125
6 0 100 8 0.146557
7 0 100 8 0.163318
1 1 100 8 0.666686
2 1 100 8 0.333314
2 2 100 8 0.285717
3 2 100 8 0.285708
4 2 100 8 0.285717
8 2 100 8 0.142858
3 3 100 8 0.4
5 3 100 8 0.4
6 3 100 8 0.2
3 4 100 8 1.1635e-05
4 4 100 8 0.399995
5 4 100 8 0.199998
7 4 100 8 0.399995
5 5 100 8 0.200002
6 5 100 8 0.599997
8 5 100 8 0.200001
7 6 100 8 1
7 7 100 8 7.66986e-05
8 7 100 8 0.999923
4 0 100 9 0.997924
8 0 100 9 0.00207611
1 1 100 9 1
2 2 100 9 1
3 3 100 9 0.545532
4 3 100 9 0.272622
6 3 100 9 0.090923
8 3 100 9 0.090923
3 4 100 9 0.111216
4 4 100 9 0.443935
5 4 100 9 0.444849
5 5 100 9 0.212434
6 5 100 9 0.362682
7 5 100 9 0.35407
8 5 100 9 0.070814
6 6 100 9 0.11308
7 6 100 9 0.257469
8 6 100 9 0.500718
9 6 100 9 0.128733
8 7 100 9 0.217277
9 7 100 9 0.782723
8 8 100 9 3.34228e-05
9 8 100 9 0.999967
3 0 100 10 0.00867841
5 0 100 10 0.00296071
6 0 100 10 0.224568
7 0 100 10 0.700215
9 0 100 10 0.0592147
10 0 100 10 0.00436339
1 1 100 10 0.888889
2 1 100 10 0.111111
1 2 100 10 0.0833354
2 2 100 10 0.583377
3 2 100 10 0.249948
4 2 100 10 0.0833396
3 3 100 10 0.399958
4 3 100 10 0.266683
5 3 100 10 0.133344
6 3 100 10 0.0666719
8 3 100 10 0.133344
3 4 100 10 8.79238e-05
4 4 100 10 0.37446
5 4 100 10 0.374429
7 4 100 10 0.17964
9 4 100 10 0.0713836
2 5 100 10 0.0657769
5 5 100 10 0.197331
6 5 100 10 0.458728
7 5 100 10 0.0657769
8 5 100 10 0.0657769
9 5 100 10 0.0808345
10 5 100 10 0.0657765
6 6 100 10 0.100159
7 6 100 10 0.49895
8 6 100 10 0.200318
9 6 100 10 0.100416
10 6 100 10 0.100157
7 7 100 10 0.112941
8 7 100 10 0.443592
9 7 100 10 0.332569
10 7 100 10 0.110898
9 8 100 10 0.50001
10 8 100 10 0.49999
9 9 100 10 5.04343e-05
10 9 100 10 0.99995
4 10 100 10 1
3 0 100 11 1
1 1 100 11 0.666741
2 1 100 11 0.333259
2 2 100 11 0.499957
4 2 100 11 0.500043
3 3 100 11 0.498869
5 3 100 11 0.501131
4 4 100 11 0.333295
6 4 100 11 0.333352
7 4 100 11 0.333352
6 5 100 11 0.333333
8 5 100 11 0.666667
7 6 100 11 0.333333
9 6 100 11 0.666667
2 7 100 11 0.000167734
10 7 100 11 0.999832
11 8 100 11 1
11 0 100 12 0.392266
12 0 100 12 0.607734
1 1 100 12 1
2 2 100 12 0.8
3 2 100 12 0.2
2 3 100 12 0.142857
3 3 100 12 0.428571
4 3 100 12 0.142857
6 3 100 12 0.142857
8 3 100 12 0.142857
3 4 100 12 0.142917
4 4 100 12 0.428752
5 4 100 12 0.142496
7 4 100 12 0.142917
9 4 100 12 0.142917
4 5 100 12 0.124961
5 5 100 12 0.360857
6 5 100 12 0.374884
7 5 100 12 0.0143363
10 5 100 12 0.124961
5 6 100 12 0.0164614
7 6 100 12 0.555148
8 6 100 12 0.142698
9 6 100 12 0.142885
11 6 100 12 0.142807
8 7 100 12 0.249988
9 7 100 12 0.249988
10 7 100 12 0.374983
11 7 100 12 4.68657e-05
12 7 100 12 0.124994
8 8 100 12 0.167809
10 8 100 12 0.167589
11 8 100 12 0.500526
12 8 100 12 0.164076
9 9 100 12 0.333345
11 9 100 12 0.333311
12 9 100 12 0.333344
5 10 100 12 0.499982
11 10 100 12 3.74335e-05
12 10 100 12 0.49998
6 11 100 12 1
12 12 100 12 1
3 0 100 13 0.000189061
7 0 100 13 0.977632
8 0 100 13 0.00628442
10 0 100 13 0.0143243
12 0 100 13 0.000968887
13 0 100 13 0.000601208
1 1 100 13 0.57089
2 1 100 13 0.285445
3 1 100 13 0.143665
1 2 100 13 0.166667
2 2 100 13 0.333333
4 2 100 13 0.5
2 3 100 13 0.199995
3 3 100 13 0.199993
5 3 100 13 0.599986
8 3 100 13 1.08063e-05
9 3 100 13 1.58119e-05
3 4 100 13 0.333333
4 4 100 13 0.166667
5 4 100 13 0.166667
6 4 100 13 0.333333
3 5 100 13 0.142025
4 5 100 13 0.142995
5 5 100 13 0.142995
6 5 100 13 0.28599
8 5 100 13 4.88998e-06
10 5 100 13 0.28599
6 6 100 13 0.0919833
7 6 100 13 0.356124
8 6 100 13 0.0919833
9 6 100 13 0.275942
11 6 100 13 0.183967
8 7 100 13 0.400238
9 7 100 13 0.100223
10 7 100 13 0.198879
11 7 100 13 0.100223
12 7 100 13 0.200437
9 8 100 13 0.167077
10 8 100 13 0.000164579
11 8 100 13 0.167077
12 8 100 13 0.331534
13 8 100 13 0.334147
10 9 100 13 0.331701
12 9 100 13 0.00489852
13 9 100 13 0.6634
7 10 100 13 0.000514076
11 10 100 13 0.999486
12 11 100 13 1
13 12 100 13 1
7 13 100 13 1
2 0 100 14 0.000655704
3 0 100 14 0.149825
4 0 100 14 0.000205871
6 0 100 14 0.0678578
7 0 100 14 0.00615305
8 0 100 14 0.0170774
10 0 100 14 0.0162848
13 0 100 14 0.214213
14 0 100 14 0.527727
1 1 100 14 0.9
3 1 100 14 0.1
2 2 100 14 0.563572
3 2 100 14 0.373796
4 2 100 14 0.0626313
9 2 100 14 1.1318e-06
2 3 100 14 0.000173682
3 3 100 14 0.252179
4 3 100 14 0.623038
5 3 100 14 0.124608
10 3 100 14 1.6535e-06
4 4 100 14 0.25
5 4 100 14 0.5
6 4 100 14 0.0833333
7 4 100 14 0.0833333
8 4 100 14 0.0833333
5 5 100 14 0.142907
6 5 100 14 0.499914
7 5 100 14 0.142884
8 5 100 14 0.0713883
9 5 100 14 0.142907
6 6 100 14 0.062415
7 6 100 14 0.249655
8 6 100 14 0.313189
9 6 100 14 0.0626729
10 6 100 14 0.124827
11 6 100 14 0.187241
2 7 100 14 2.27148e-05
8 7 100 14 0.141795
9 7 100 14 0.357402
10 7 100 14 0.0715401
11 7 100 14 0.14308
12 7 100 14 0.28616
7 8 100 14 0.125327
9 8 100 14 0.0626636
10 8 100 14 0.375852
11 8 100 14 0.18799
12 8 100 14 0.0626636
13 8 100 14 0.124611
14 8 100 14 0.0608929
10 9 100 14 0.000129734
11 9 100 14 0.111098
12 9 100 14 0.444393
13 9 100 14 0.333281
14 9 100 14 0.111098
13 10 100 14 0.571427
14 10 100 14 0.428574
13 11 100 14 3.67293e-05
14 11 100 14 0.999963
2 0 100 15 0.00164333
3 0 100 15 0.00163859
4 0 100 15 0.113415
6 0 100 15 0.0201664
7 0 100 15 0.00121774
8 0 100 15 5.235e-05
9 0 100 15 0.00353246
10 0 100 15 0.855594
11 0 100 15 0.00018723
12 0 100 15 0.0010499
14 0 100 15 0.0014899
15 0 100 15 1.22959e-05
1 1 100 15 0.999999
12 1 100 15 1.30005e-06
1 2 100 15 0.119347
2 2 100 15 0.770546
4 2 100 15 0.110107
2 3 100 15 0.1669
3 3 100 15 0.415842
4 3 100 15 0.250355
5 3 100 15 0.0834515
7 3 100 15 0.0834515
3 4 100 15 0.311644
4 4 100 15 0.145022
5 4 100 15 0.232857
6 4 100 15 0.232857
7 4 100 15 0.0776191
4 5 100 15 0.214921
5 5 100 15 0.14328
6 5 100 15 0.211918
7 5 100 15 0.0716802
8 5 100 15 0.214921
9 5 100 15 0.14328
5 6 100 15 0.142873
6 6 100 15 0.0714367
7 6 100 15 0.214209
8 6 100 15 0.0714367
9 6 100 15 0.142873
10 6 100 15 0.142873
11 6 100 15 0.142873
12 6 100 15 0.071424
5 7 100 15 0.0666985
6 7 100 15 0.13372
7 7 100 15 0.13372
8 7 100 15 0.13372
9 7 100 15 0.06686
10 7 100 15 0.067523
11 7 100 15 0.13372
12 7 100 15 0.197178
13 7 100 15 0.06686
5 8 100 15 0.000200959
8 8 100 15 0.16639
9 8 100 15 2.62544e-05
10 8 100 15 0.249593
11 8 100 15 0.249593
12 8 100 15 0.00425564
13 8 100 15 0.246752
14 8 100 15 0.0831881
6 9 100 15 0.00155626
7 9 100 15 0.0840124
9 9 100 15 0.251807
10 9 100 15 0.0838171
11 9 100 15 0.084041
12 9 100 15 0.15567
13 9 100 15 0.00287057
14 9 100 15 0.252167
15 9 100 15 0.084059
8 10 100 15 0.0897132
9 10 100 15 0.0896887
12 10 100 15 0.192594
13 10 100 15 0.26914
14 10 100 15 0.0897261
15 10 100 15 0.269138
3 11 100 15 2.30414e-06
9 11 100 15 4.54188e-05
10 11 100 15 0.166784
13 11 100 15 0.166795
14 11 100 15 0.49958
15 11 100 15 0.166793
10 12 100 15 1.71523e-05
11 12 100 15 0.249716
14 12 100 15 0.00111409
15 12 100 15 0.749153
12 13 100 15 1
13 14 100 15 0.500359
14 14 100 15 0.499641
14 15 100 15 0.000174811
15 15 100 15 0.999825
3 0 100 16 0.612124
5 0 100 16 0.00762663
6 0 100 16 0.0153388
8 0 100 16 0.323679
12 0 100 16 0.0299411
15 0 100 16 0.0112897
1 1 100 16 0.749764
2 1 100 16 0.250236
1 2 100 16 0.243712
2 2 100 16 0.661473
3 2 100 16 0.0948111
7 2 100 16 3.78664e-06
2 3 100 16 0.0866284
3 3 100 16 0.608913
6 3 100 16 0.304458
3 4 100 16 0.200001
4 4 100 16 0.600002
7 4 100 16 0.199998
4 5 100 16 0.194398
5 5 100 16 0.777588
6 5 100 16 0.0280066
8 5 100 16 6.43512e-06
6 6 100 16 0.48769
7 6 100 16 0.34154
8 6 100 16 0.17077
8 7 100 16 0.333174
9 7 100 16 0.16677
10 7 100 16 0.333371
13 7 100 16 0.166685
7 8 100 16 0.0909133
9 8 100 16 0.272694
10 8 100 16 0.0909133
11 8 100 16 0.27274
13 8 100 16 0.0909133
14 8 100 16 0.181827
8 9 100 16 0.2
10 9 100 16 0.2
12 9 100 16 0.4
15 9 100 16 0.2
3 10 100 16 0.132103
11 10 100 16 0.21698
12 10 100 16 0.433937
15 10 100 16 0.21698
13 11 100 16 0.500001
16 11 100 16 0.499999
2 12 100 16 1.47111e-05
6 12 100 16 1.73997e-05
14 12 100 16 0.666645
15 12 100 16 0.333323
15 13 100 16 0.499973
16 13 100 16 0.500027
15 14 100 16 7.41157e-05
16 14 100 16 0.999926
2 0 100 17 0.0181963
3 0 100 17 0.113685
5 0 100 17 0.000622522
7 0 100 17 0.000114109
9 0 100 17 0.235715
11 0 100 17 0.621837
16 0 100 17 0.00982017
17 0 100 17 1.00269e-05
1 1 100 17 1
1 2 100 17 0.111458
2 2 100 17 0.665484
3 2 100 17 0.222917
9 2 100 17 0.0001415
2 3 100 17 0.101863
3 3 100 17 0.490692
4 3 100 17 0.305582
5 3 100 17 0.101863
4 4 100 17 0.360253
5 4 100 17 0.360149
6 4 100 17 0.180123
7 4 100 17 0.0994675
11 4 100 17 7.06053e-06
5 5 100 17 0.18357
6 5 100 17 0.275344
7 5 100 17 0.265742
8 5 100 17 0.275343
2 6 100 17 4.78745e-06
6 6 100 17 0.232026
8 6 100 17 0.34804
9 6 100 17 0.187903
10 6 100 17 0.116013
11 6 100 17 0.116013
7 7 100 17 0.111105
9 7 100 17 0.333315
10 7 100 17 0.111105
11 7 100 17 5.66311e-05
12 7 100 17 0.22221
13 7 100 17 0.111104
14 7 100 17 0.111105
7 8 100 17 0.199998
8 8 100 17 0.0999992
9 8 100 17 0.0999992
10 8 100 17 0.0999992
11 8 100 17 0.200006
13 8 100 17 0.0999992
14 8 100 17 0.0999992
15 8 100 17 0.0999992
9 9 100 17 0.100053
10 9 100 17 0.300159
12 9 100 17 0.200106
13 9 100 17 0.100053
15 9 100 17 0.100053
16 9 100 17 0.199576
10 10 100 17 0.100003
11 10 100 17 0.199939
12 10 100 17 0.199533
13 10 100 17 0.100003
14 10 100 17 0.200006
16 10 100 17 0.000511173
17 10 100 17 0.200005
11 11 100 17 0.142761
12 11 100 17 0.143435
13 11 100 17 0.285522
14 11 100 17 0.142761
15 11 100 17 0.285522
13 12 100 17 0.129565
14 12 100 17 0.25913
15 12 100 17 0.224838
16 12 100 17 0.386466
15 13 100 17 0.296432
16 13 100 17 0.000391388
17 13 100 17 0.703177
16 14 100 17 1
16 15 100 17 6.41804e-05
17 15 100 17 0.999936
2 0 100 18 0.612862
5 0 100 18 0.000849877
7 0 100 18 0.0011329
11 0 100 18 0.114224
17 0 100 18 0.0866934
18 0 100 18 0.184238
1 1 100 18 0.999433
7 1 100 18 0.000561279
11 1 100 18 5.32712e-06
1 2 100 18 0.170145
2 2 100 18 0.489566
3 2 100 18 0.170145
4 2 100 18 0.170145
2 3 100 18 0.286341
3 3 100 18 0.570488
4 3 100 18 0.143171
3 4 100 18 0.00381833
4 4 100 18 0.498078
5 4 100 18 0.249039
7 4 100 18 0.249055
17 4 100 18 1.00356e-05
4 5 100 18 0.200007
5 5 100 18 0.599986
6 5 100 18 0.200007
6 6 100 18 0.600008
7 6 100 18 0.19999
9 6 100 18 0.200003
5 7 100 18 0.162986
7 7 100 18 0.334557
8 7 100 18 0.334971
10 7 100 18 0.167486
5 8 100 18 0.00334628
6 8 100 18 5.5269e-05
8 8 100 18 0.124575
9 8 100 18 0.24915
10 8 100 18 0.124575
11 8 100 18 0.24915
13 8 100 18 0.124575
14 8 100 18 0.124575
6 9 100 18 0.111101
8 9 100 18 0.11115
9 9 100 18 0.11115
10 9 100 18 0.2223
12 9 100 18 0.2223
13 9 100 18 0.11115
15 9 100 18 0.110849
8 10 100 18 0.0910928
9 10 100 18 0.0910514
11 10 100 18 0.180101
12 10 100 18 0.182186
13 10 100 18 0.0910928
14 10 100 18 0.0910928
15 10 100 18 0.0913396
16 10 100 18 0.0910928
17 10 100 18 0.0909504
9 11 100 18 5.66373e-05
10 11 100 18 0.124991
13 11 100 18 0.124991
14 11 100 18 0.124991
15 11 100 18 0.249982
16 11 100 18 0.124991
17 11 100 18 0.125008
18 11 100 18 0.12499
7 12 100 18 0.166667
11 12 100 18 0.166667
14 12 100 18 0.166667
16 12 100 18 0.333334
18 12 100 18 0.166664
12 13 100 18 0.25335
17 13 100 18 0.502637
18 13 100 18 0.244013
13 14 100 18 0.333326
14 14 100 18 0.333326
17 14 100 18 2.40684e-05
18 14 100 18 0.333324
15 15 100 18 0.5
16 15 100 18 0.5
17 16 100 18 1
17 17 100 18 7.07103e-05
18 17 100 18 0.999929
2 0 100 19 0.0289166
3 0 100 19 0.00365145
6 0 100 19 0.950048
8 0 100 19 6.89606e-05
9 0 100 19 0.00053961
12 0 100 19 0.00549289
16 0 100 19 0.0111036
18 0 100 19 0.000179175
1 1 100 19 1
1 2 100 19 0.201269
2 2 100 19 0.597456
3 2 100 19 0.201269
12 2 100 19 6.53168e-06
2 3 100 19 0.130977
3 3 100 19 0.261432
4 3 100 19 0.130977
5 3 100 19 0.261953
6 3 100 19 0.083685
18 3 100 19 0.130977
3 4 100 19 0.158101
4 4 100 19 0.474304
6 4 100 19 0.05139
7 4 100 19 0.316203
16 4 100 19 1.73336e-06
5 5 100 19 0.400043
8 5 100 19 0.200022
9 5 100 19 0.399924
18 5 100 19 1.03931e-05
6 6 100 19 0.4
8 6 100 19 0.2
10 6 100 19 0.2
11 6 100 19 0.2
7 7 100 19 0.4
10 7 100 19 0.2
12 7 100 19 0.2
15 7 100 19 0.2
8 8 100 19 0.222216
11 8 100 19 0.111112
13 8 100 19 0.222224
14 8 100 19 0.222224
16 8 100 19 0.111112
17 8 100 19 0.111112
2 9 100 19 3.82952e-06
9 9 100 19 0.400488
12 9 100 19 0.199038
15 9 100 19 0.200244
18 9 100 19 0.200225
6 10 100 19 1.09967e-05
10 10 100 19 0.286207
12 10 100 19 0.143103
16 10 100 19 0.141369
17 10 100 19 0.143103
18 10 100 19 0.143103
19 10 100 19 0.143103
11 11 100 19 0.4
12 11 100 19 0.2
17 11 100 19 0.2
19 11 100 19 0.199999
13 12 100 19 1
14 13 100 19 0.499998
15 13 100 19 5.11041e-06
16 13 100 19 0.499996
14 14 100 19 0.333334
15 14 100 19 0.333331
17 14 100 19 0.333334
15 15 100 19 0.5
16 15 100 19 0.5
18 16 100 19 0.499946
19 16 100 19 0.500054
18 17 100 19 7.37698e-05
19 17 100 19 0.999926
2 0 100 20 1.76699e-05
3 0 100 20 0.000555417
5 0 100 20 2.85246e-05
6 0 100 20 0.312824
7 0 100 20 0.00184848
9 0 100 20 9.20642e-05
10 0 100 20 4.21934e-06
12 0 100 20 0.313855
13 0 100 20 0.312812
14 0 100 20 0.0200584
15 0 100 20 3.01818e-05
19 0 100 20 0.0198359
20 0 100 20 0.0180377
1 1 100 20 0.857147
2 1 100 20 0.142853
1 2 100 20 0.100017
2 2 100 20 0.400066
3 2 100 20 0.3999
4 2 100 20 0.100016
2 3 100 20 0.181818
3 3 100 20 0.18181
4 3 100 20 0.272728
5 3 100 20 0.181818
9 3 100 20 1.39643e-06
10 3 100 20 5.54947e-06
18 3 100 20 0.0909092
19 3 100 20 0.0909092
3 4 100 20 0.0909585
4 4 100 20 0.181917
5 4 100 20 0.0909502
6 4 100 20 0.363834
7 4 100 20 0.181379
8 4 100 20 0.0909585
19 4 100 20 1.95967e-06
4 5 100 20 0.0999984
5 5 100 20 0.399994
7 5 100 20 0.199997
9 5 100 20 0.0999984
10 5 100 20 0.0999984
11 5 100 20 0.0999984
12 5 100 20 1.55708e-05
6 6 100 20 0.181818
7 6 100 20 0.090908
8 6 100 20 0.272727
11 6 100 20 0.181818
13 6 100 20 0.0909124
15 6 100 20 0.0909088
17 6 100 20 0.0909088
7 7 100 20 0.0770652
8 7 100 20 0.15413
9 7 100 20 0.306478
10 7 100 20 0.15413
12 7 100 20 0.154066
14 7 100 20 0.0770652
16 7 100 20 0.0770652
8 8 100 20 0.0831754
9 8 100 20 0.0850739
10 8 100 20 0.24952
11 8 100 20 0.166351
13 8 100 20 0.166351
14 8 100 20 0.0831754
15 8 100 20 0.0831752
16 8 100 20 0.0831754
19 8 100 20 3.60177e-06
10 9 100 20 0.0717704
11 9 100 20 0.143541
12 9 100 20 0.143364
13 9 100 20 0.0717704
14 9 100 20 0.210709
15 9 100 20 0.215304
17 9 100 20 0.0717704
18 9 100 20 0.0717704
9 10 100 20 0.0840057
12 10 100 20 0.167998
13 10 100 20 0.0840056
14 10 100 20 0.0840057
16 10 100 20 0.168011
17 10 100 20 0.0840057
18 10 100 20 0.0840057
19 10 100 20 0.163279
20 10 100 20 0.0806822
15 11 100 20 0.125
16 11 100 20 0.125
17 11 100 20 0.375
18 11 100 20 0.25
20 11 100 20 0.124999
7 12 100 20 0.143373
16 12 100 20 0.143373
18 12 100 20 0.143373
19 12 100 20 0.429102
20 12 100 20 0.140779
15 13 100 20 0.142858
16 13 100 20 0.142858
17 13 100 20 0.142858
18 13 100 20 0.142858
19 13 100 20 0.142852
20 13 100 20 0.285715
14 14 100 20 0.500002
20 14 100 20 0.499998
15 15 100 20 1
20 16 100 20 1
13 17 100 20 1
3 0 100 21 0.199103
4 0 100 21 0.000620812
8 0 100 21 0.787045
9 0 100 21 7.93297e-05
13 0 100 21 0.000178662
15 0 100 21 0.00821961
17 0 100 21 0.00447135
20 0 100 21 0.000273819
21 0 100 21 7.99943e-06
1 1 100 21 0.99995
17 1 100 21 4.9815e-05
1 2 100 21 0.13446
2 2 100 21 0.72128
4 2 100 21 0.144256
6 2 100 21 3.92721e-06
3 3 100 21 0.225367
4 3 100 21 0.258207
5 3 100 21 0.129155
8 3 100 21 2.06289e-06
9 3 100 21 0.129242
10 3 100 21 0.258018
15 3 100 21 1.0432e-05
3 4 100 21 0.333109
4 4 100 21 0.166554
6 4 100 21 0.166554
7 4 100 21 0.167229
11 4 100 21 0.166553
3 5 100 21 1.30323e-05
4 5 100 21 0.125062
5 5 100 21 0.500247
6 5 100 21 0.125062
7 5 100 21 0.249616
6 6 100 21 0.28564
7 6 100 21 0.142822
8 6 100 21 0.285644
9 6 100 21 0.285644
17 6 100 21 0.000249802
7 7 100 21 0.100084
8 7 100 21 0.199191
9 7 100 21 0.100017
10 7 100 21 0.200394
11 7 100 21 0.100084
12 7 100 21 0.200168
13 7 100 21 0.100061
6 8 100 21 0.142857
11 8 100 21 0.428571
12 8 100 21 0.285714
14 8 100 21 0.142857
9 9 100 21 0.199984
12 9 100 21 0.200004
13 9 100 21 0.400008
15 9 100 21 0.200004
10 10 100 21 0.166665
13 10 100 21 0.166674
14 10 100 21 0.333331
16 10 100 21 0.333331
8 11 100 21 0.000211536
14 11 100 21 0.221207
15 11 100 21 0.222944
16 11 100 21 0.111472
17 11 100 21 0.332704
18 11 100 21 0.111461
3 12 100 21 0.00024092
14 12 100 21 0.00516637
18 12 100 21 0.663073
19 12 100 21 0.331519
15 13 100 21 0.325558
17 13 100 21 0.00172261
19 13 100 21 0.448489
20 13 100 21 0.22423
3 14 100 21 0.220259
15 14 100 21 0.118497
20 14 100 21 0.440824
21 14 100 21 0.220419
16 15 100 21 0.498315
20 15 100 21 1.80536e-05
21 15 100 21 0.501667
16 16 100 21 0.0107828
17 16 100 21 0.989217
16 17 100 21 0.00123773
17 17 100 21 0.499381
18 17 100 21 0.499381
18 18 100 21 0.5
19 18 100 21 0.5
19 19 100 21 0.333623
20 19 100 21 0.666376
20 20 100 21 0.0011591
21 20 100 21 0.998841
13 21 100 21 1
4 0 100 22 0.000424723
11 0 100 22 0.0289133
17 0 100 22 0.97044
21 0 100 22 0.000221554
1 1 100 22 0.999533
11 1 100 22 0.000467046
2 2 100 22 1
3 3 100 22 1
3 4 100 22 0.0017652
5 4 100 22 0.997927
10 4 100 22 0.000308069
4 5 100 22 0.666367
6 5 100 22 0.333256
7 5 100 22 0.000376978
5 6 100 22 0.333459
7 6 100 22 0.333082
9 6 100 22 0.333459
6 7 100 22 0.250019
8 7 100 22 0.250019
10 7 100 22 0.249942
11 7 100 22 0.250019
7 8 100 22 0.5
12 8 100 22 0.5
8 9 100 22 0.5
13 9 100 22 0.5
9 10 100 22 0.25
14 10 100 22 0.25
16 10 100 22 0.25
21 10 100 22 0.25
1 11 100 22 0.25
10 11 100 22 0.25
15 11 100 22 0.25
18 11 100 22 0.25
12 12 100 22 0.5
19 12 100 22 0.5
13 13 100 22 0.333895
20 13 100 22 0.333895
21 13 100 22 0.33221
14 14 100 22 0.498799
21 14 100 22 0.00240319
22 14 100 22 0.498798
15 15 100 22 1
16 16 100 22 1
17 17 100 22 1
18 18 100 22 1
19 19 100 22 1
20 20 100 22 1
22 21 100 22 1
11 22 100 22 1
3 0 100 23 0.944556
22 0 100 23 0.0554439
1 1 100 23 1
2 2 100 23 1
3 3 100 23 1
5 4 100 23 0.499986
6 4 100 23 0.499986
14 4 100 23 1.52678e-05
21 4 100 23 1.25973e-05
7 5 100 23 1
8 6 100 23 0.5
9 6 100 23 0.5
10 7 100 23 1
11 8 100 23 0.497885
12 8 100 23 0.497885
19 8 100 23 0.00422933
4 9 100 23 0.5
13 9 100 23 0.5
15 10 100 23 1
16 11 100 23 1
14 12 100 23 0.333323
17 12 100 23 0.333333
18 12 100 23 0.333333
19 12 100 23 1.07316e-05
20 13 100 23 1
19 14 100 23 0.497865
21 14 100 23 0.502135
22 15 100 23 1
22 16 100 23 7.27452e-05
23 16 100 23 0.999927
6 0 100 24 0.0113984
10 0 100 24 6.16348e-05
11 0 100 24 0.49326
19 0 100 24 0.494467
23 0 100 24 0.000381157
24 0 100 24 0.00043216
1 1 100 24 0.4
2 1 100 24 0.4
3 1 100 24 0.2
4 2 100 24 0.402174
5 2 100 24 0.402174
6 2 100 24 0.195652
3 3 100 24 0.333333
6 3 100 24 0.333333
7 3 100 24 0.333333
6 4 100 24 0.00198162
8 4 100 24 0.998018
7 5 100 24 0.199995
9 5 100 24 0.39999
10 5 100 24 0.199995
11 5 100 24 0.20002
12 6 100 24 1
10 7 100 24 0.499968
13 7 100 24 0.500032
13 8 100 24 0.333333
14 8 100 24 0.333333
16 8 100 24 0.333333
14 9 100 24 0.2
15 9 100 24 0.399999
17 9 100 24 0.400001
16 10 100 24 0.333338
18 10 100 24 0.666662
18 11 100 24 1.42009e-05
20 11 100 24 0.666657
21 11 100 24 0.333329
19 12 100 24 0.25
21 12 100 24 0.25
22 12 100 24 0.5
11 13 100 24 0.000449015
23 13 100 24 0.999551
11 14 100 24 0.000708293
23 14 100 24 3.55996e-05
24 14 100 24 0.999256
3 0 100 26 1
2 1 100 26 0.993314
3 1 100 26 0.00330586
6 1 100 26 0.00337976
1 2 100 26 0.353588
2 2 100 26 0.310016
3 2 100 26 0.336395
4 3 100 26 1
5 4 100 26 0.985195
6 4 100 26 0.0148054
7 5 100 26 1
11 6 100 26 1
8 7 100 26 1
9 8 100 26 1
12 9 100 26 1
13 10 100 26 1
14 11 100 26 0.333333
15 11 100 26 0.333333
16 11 100 26 0.333333
17 12 100 26 1
18 13 100 26 0.5
19 13 100 26 0.5
20 14 100 26 1
21 15 100 26 1
22 16 100 26 1
23 17 100 26 1
24 18 100 26 1
10 19 100 26 0.5
25 19 100 26 0.5
26 20 100 26 1
6 21 100 26 1
3 0 100 27 0.999752
6 0 100 27 0.000210387
26 0 100 27 3.71516e-05
2 1 100 27 1
1 2 100 27 1
2 3 100 27 0.00023045
4 3 100 27 0.99977
3 4 100 27 2.43246e-05
5 4 100 27 0.500041
6 4 100 27 0.499935
7 5 100 27 1
8 6 100 27 1
9 7 100 27 1
11 8 100 27 1
12 9 100 27 1
10 10 100 27 0.333333
13 10 100 27 0.333333
15 10 100 27 0.333333
14 11 100 27 0.500002
16 11 100 27 0.499998
17 12 100 27 1
18 13 100 27 0.5
19 13 100 27 0.5
20 14 100 27 1
21 15 100 27 1
22 16 100 27 1
23 17 100 27 1
24 18 100 27 1
25 19 100 27 0.50165
26 19 100 27 0.49835
26 20 100 27 0.00649707
27 20 100 27 0.993503
2 21 100 27 1
29 0 100 30 1
1 1 100 30 0.5
4 1 100 30 0.5
2 2 100 30 0.999728
14 2 100 30 0.000272469
3 3 100 30 0.5
5 3 100 30 0.5
6 4 100 30 1
7 5 100 30 0.5
8 5 100 30 0.5
9 6 100 30 1
10 7 100 30 1
11 8 100 30 0.5
12 8 100 30 0.5
13 9 100 30 0.500068
14 9 100 30 0.499932
15 10 100 30 0.5
16 10 100 30 0.5
17 11 100 30 1
18 12 100 30 1
19 13 100 30 1
20 14 100 30 1
21 15 100 30 1
22 16 100 30 1
23 17 100 30 1
23 18 100 30 1
24 19 100 30 1
26 20 100 30 1
25 21 100 30 0.500002
27 21 100 30 0.499998
28 22 100 30 1
29 23 100 30 1
29 24 100 30 7.30584e-05
30 24 100 30 0.999927
4 0 100 31 0.0111574
9 0 100 31 9.4671e-05
31 0 100 31 0.988748
4 1 100 31 0.999926
19 1 100 31 7.4083e-05
5 2 100 31 1
2 3 100 31 0.999972
4 3 100 31 2.76259e-05
1 4 100 31 0.5
3 4 100 31 0.5
6 5 100 31 1
7 6 100 31 1
8 7 100 31 0.5
10 7 100 31 0.5
11 8 100 31 1
9 9 100 31 1
12 10 100 31 1
13 11 100 31 0.5
15 11 100 31 0.5
14 12 100 31 0.482109
19 12 100 31 0.517891
16 13 100 31 1
14 14 100 31 0.99996
31 14 100 31 3.96018e-05
17 15 100 31 1
18 16 100 31 0.33337
19 16 100 31 0.333263
21 16 100 31 0.333367
22 17 100 31 1
23 18 100 31 1
24 19 100 31 0.5
25 19 100 31 0.5
30 20 100 31 1
26 21 100 31 1
27 22 100 31 1
28 23 100 31 1
29 24 100 31 1
20 25 100 31 1
5 26 100 31 1
4 27 100 31 1
3 0 100 35 0.908255
35 0 100 35 0.0917451
29 1 100 35 1
1 2 100 35 1
2 3 100 35 1
4 4 100 35 1
5 5 100 35 0.99959
29 5 100 35 0.000409535
6 6 100 35 1
7 7 100 35 1
3 8 100 35 1
8 9 100 35 0.5
9 9 100 35 0.5
10 10 100 35 1
11 11 100 35 1
13 12 100 35 0.499998
14 12 100 35 0.500002
16 13 100 35 1
21 14 100 35 1
15 15 100 35 1
17 16 100 35 1
18 17 100 35 0.999698
29 17 100 35 0.000301692
22 19 100 35 1
23 20 100 35 0.5
24 20 100 35 0.5
25 21 100 35 1
19 22 100 35 0.5
26 22 100 35 0.5
20 23 100 35 0.5
27 23 100 35 0.5
28 24 100 35 1
29 25 100 35 0.000515966
30 25 100 35 0.999484
31 26 100 35 1
12 27 100 35 1
32 28 100 35 0.333333
33 28 100 35 0.333333
34 28 100 35 0.333333
35 29 100 35 1
3 30 100 35 0.00015951
15 30 100 35 0.000544486
29 30 100 35 0.999296
3 0 100 36 0.00382519
5 0 100 36 0.00356621
6 0 100 36 0.000114547
8 0 100 36 2.15761e-05
11 0 100 36 0.000520388
14 0 100 36 0.00379265
18 0 100 36 0.000331585
23 0 100 36 0.96496
25 0 100 36 0.0221089
28 0 100 36 0.000724154
36 0 100 36 3.4725e-05
2 1 100 36 0.972107
4 1 100 36 0.0100483
24 1 100 36 0.0178447
1 2 100 36 0.334492
4 2 100 36 0.665494
24 2 100 36 1.39257e-05
2 3 100 36 0.500916
5 3 100 36 0.499073
25 3 100 36 1.10734e-05
1 4 100 36 0.333333
3 4 100 36 0.333333
6 4 100 36 0.333333
5 5 100 36 0.333336
7 5 100 36 0.333336
8 5 100 36 0.333328
7 6 100 36 0.5
9 6 100 36 0.5
8 7 100 36 0.333333
10 7 100 36 0.333333
13 7 100 36 0.333333
3 8 100 36 0.24926
10 8 100 36 0.250247
11 8 100 36 0.250113
14 8 100 36 0.249268
23 8 100 36 0.0011123
9 9 100 36 0.249984
11 9 100 36 0.250005
12 9 100 36 0.250005
15 9 100 36 0.250005
12 10 100 36 0.333333
13 10 100 36 0.333333
16 10 100 36 0.333333
15 11 100 36 0.5
17 11 100 36 0.5
14 12 100 36 0.333333
16 12 100 36 0.333333
18 12 100 36 0.333333
17 13 100 36 0.333378
18 13 100 36 0.333243
19 13 100 36 0.333378
19 14 100 36 0.333333
20 14 100 36 0.666667
27 15 100 36 1
21 16 100 36 0.999994
24 16 100 36 5.87686e-06
22 17 100 36 1
23 18 100 36 0.251798
24 18 100 36 0.49645
26 18 100 36 0.251753
25 19 100 36 0.333333
26 19 100 36 0.333333
27 19 100 36 0.333333
28 20 100 36 0.333334
29 20 100 36 0.333333
30 20 100 36 0.333333
29 21 100 36 0.5
31 21 100 36 0.5
30 22 100 36 0.5
32 22 100 36 0.5
28 23 100 36 0.333167
31 23 100 36 0.333416
32 23 100 36 0.333416
6 24 100 36 0.499965
33 24 100 36 0.500035
33 25 100 36 0.25
34 25 100 36 0.5
35 25 100 36 0.25
35 26 100 36 0.500009
36 26 100 36 0.499991
4 27 100 36 9.67987e-05
6 27 100 36 2.11074e-05
9 27 100 36 8.42693e-05
18 27 100 36 6.12464e-05
24 27 100 36 0.00986498
26 27 100 36 0.00017346
36 27 100 36 0.989698
25 28 100 36 1
3 0 100 38 0.00982777
6 0 100 38 0.0370132
10 0 100 38 7.71849e-05
17 0 100 38 0.00411997
24 0 100 38 0.948921
37 0 100 38 4.13414e-05
1 1 100 38 1
2 2 100 38 1
4 3 100 38 0.337691
5 3 100 38 0.337691
6 3 100 38 0.324617
7 4 100 38 1
8 5 100 38 1
13 6 100 38 1
9 7 100 38 1
3 8 100 38 0.330342
10 8 100 38 0.333746
11 8 100 38 0.333773
24 8 100 38 0.00213906
14 9 100 38 1
30 10 100 38 1
15 11 100 38 1
16 12 100 38 0.5
18 12 100 38 0.5
17 13 100 38 0.332266
19 13 100 38 0.333692
20 13 100 38 0.333704
24 13 100 38 0.000337671
21 14 100 38 1
12 15 100 38 0.499991
19 15 100 38 1.77986e-05
22 15 100 38 0.499991
23 16 100 38 1
25 17 100 38 1
26 18 100 38 1
27 19 100 38 1
28 20 100 38 1
29 21 100 38 1
31 22 100 38 1
32 23 100 38 1
33 24 100 38 1
34 25 100 38 1
35 26 100 38 1
36 27 100 38 1
37 28 100 38 1
37 29 100 38 6.894e-05
38 29 100 38 0.999931
10 0 100 44 0.00697584
20 0 100 44 0.000262358
24 0 100 44 0.0123913
34 0 100 44 0.345938
43 0 100 44 0.634433
10 1 100 44 1
3 2 100 44 1
1 3 100 44 1
20 4 100 44 0.336704
24 4 100 44 0.336361
34 4 100 44 0.326935
2 5 100 44 1
4 6 100 44 0.5
5 6 100 44 0.5
6 7 100 44 1
41 8 100 44 1
7 9 100 44 1
8 10 100 44 1
9 11 100 44 1
11 12 100 44 1
12 13 100 44 1
13 14 100 44 1
40 15 100 44 1
18 16 100 44 1
19 17 100 44 1
21 18 100 44 1
22 19 100 44 1
23 20 100 44 1
15 21 100 44 0.5
29 21 100 44 0.5
15 22 100 44 0.5
29 22 100 44 0.5
16 23 100 44 0.5
30 23 100 44 0.5
17 24 100 44 0.499973
31 24 100 44 0.499973
43 24 100 44 5.44687e-05
32 25 100 44 1
33 26 100 44 1
35 27 100 44 1
36 28 100 44 1
25 29 100 44 0.333333
26 29 100 44 0.333333
37 29 100 44 0.333333
27 30 100 44 0.333334
39 30 100 44 0.333334
42 30 100 44 0.333333
14 31 100 44 0.346316
28 31 100 44 0.346316
43 31 100 44 0.307369
43 32 100 44 0.0558034
44 32 100 44 0.944197
38 33 100 44 1
