2 0 0.143643 0.856357 0 0 0 0 0 0 0 
3 0.0233897 0.541799 0.164162 0.270648 0 0 0 0 0 0 
4 0.0102088 0.733423 0.199806 0.0565613 0 0 0 0 0 0 
5 0.00850737 0.611176 0.333181 0.0471344 0 0 0 0 0 0 
6 0.00275579 0.945269 0.0519753 0 0 0 0 0 0 0 
7 0.0102088 0.733423 0.199806 0.0565613 0 0 0 0 0 0 
8 0 0.607253 0.343766 0.0489805 0 0 0 0 0 0 
9 0 0.4 0.6 0 0 0 0 0 0 0 
10 0.0230117 0.913962 0.0388609 0.0241654 1.38871e-07 0 0 0 0 0 
11 0 0.666107 0.281652 0.0413821 0.0108585 0 0 0 0 0 
12 0.0218558 0.967934 0.00626531 0.00394538 0 0 0 0 0 0 
13 0.0354525 0.864522 0.0613608 0.0386647 2.22194e-07 0 0 0 0 0 
14 0.0154362 0.938112 0.0310662 0.0153847 0 0 0 0 0 0 
15 0.0181976 0.814074 0.117257 0.0504716 0 0 0 0 0 0 
16 0.00850737 0.611186 0.333172 0.0471344 0 0 0 0 0 0 
17 0 0.672711 0.286472 0.0408171 0 0 0 0 0 0 
18 0.0619609 0.911716 0.0161484 0.0101749 0 0 0 0 0 0 
19 0.00464038 0.878829 0.0908209 0.0257097 0 0 0 0 0 0 
20 0.0077181 0.967253 0.0173365 0.00769233 0 0 0 0 0 0 
21 0 0 0.999999 0 0 0 0 0 0 0 
22 0.00719419 0.573025 0.302468 0.117312 0 0 0 0 0 0 
23 0 0.468755 0.44766 0.0662113 0.0173736 0 0 0 0 0 
24 0.035517 0.683235 0.21192 0.0646764 0.00465197 0 0 0 0 0 
25 0.153883 0.812937 0.0221901 0.010989 0 0 0 0 0 0 
26 0.0295437 0.887102 0.051134 0.0322206 1.85162e-07 0 0 0 0 0 
27 0.00719419 0.573025 0.302468 0.117312 0 0 0 0 0 0 
28 0.196264 0.569362 0.1766 0.053897 0.00387664 0 0 0 0 0 
29 0.0154362 0.938112 0.0310662 0.0153847 0 0 0 0 0 0 
30 0 0.143608 0.856391 0 0 0 0 0 0 0 
31 0.0102088 0.533436 0.399794 0.0565613 0 0 0 0 0 0 
32 0.0233885 0.258008 0.505289 0.189784 0.0235295 0 0 0 0 0 
33 0.00719419 0.543614 0.331879 0.117312 0 0 0 0 0 0 
34 0.0161721 0.765079 0.187226 0.0294082 0.00211453 0 0 0 0 0 
35 0.254991 0.637856 0.024066 0.0830876 0 0 0 0 0 0 
36 0.013089 0.669493 0.275868 0.0415504 0 0 0 0 0 0 
37 0.035517 0.483235 0.41192 0.0646764 0.00465197 0 0 0 0 0 
38 0.0051454 0.979371 0.0103554 0.00512822 0 0 0 0 0 0 
39 0 0.466666 0.533333 0 0 0 0 0 0 0 
40 0.00885045 0.965338 0.0172644 0.00854704 0 0 0 0 0 0 
41 0.0457143 0.454426 0.454233 0.0456264 0 0 0 0 0 0 
42 0.0102088 0.533423 0.399806 0.0565613 0 0 0 0 0 0 
43 0.013089 0.669493 0.275868 0.0415504 0 0 0 0 0 0 
44 0.035517 0.483235 0.411919 0.0646767 0.00465197 0 0 0 0 0 
45 0.035517 0.683235 0.21192 0.0646764 0.00465197 0 0 0 0 0 
46 0.0221578 0.540329 0.413344 0.0241685 1.38871e-07 0 0 0 0 0 
47 0.00638053 0.708379 0.12489 0.160351 0 0 0 0 0 0 
48 0.0253693 0.773739 0.151371 0.0461974 0.00332284 0 0 0 0 0 
49 0 0.468755 0.44766 0.0662113 0.0173736 0 0 0 0 0 
50 0.0104462 0.90682 0.0623434 0.0190225 0.00136823 0 0 0 0 0 
51 0.111688 0.115651 0.751913 0.0207468 0 0 0 0 0 0 
52 0.00510442 0.866712 0.099903 0.0282807 0 0 0 0 0 0 
53 0 0.468755 0.24766 0.266211 0.0173736 0 0 0 0 0 
54 0.0194914 0.784832 0.136792 0.0588835 0 0 0 0 0 0 
55 0.035517 0.683235 0.21192 0.0646764 0.00465197 0 0 0 0 0 
56 0.0380952 0.212021 0.711861 0.0380221 0 0 0 0 0 0 
57 0.0157068 0.803337 0.131096 0.0498605 0 0 0 0 0 0 
58 0.0253693 0.487982 0.437129 0.0461974 0.00332284 0 0 0 0 0 
59 0 0.607253 0.343766 0.0489805 0 0 0 0 0 0 
60 0.00399678 0.207236 0.723594 0.0651735 0 0 0 0 0 0 
61 0.0157068 0.803391 0.131041 0.0498605 0 0 0 0 0 0 
62 0.205722 0.38533 0.384829 0.0241197 0 0 0 0 0 0 
63 0.0170001 0.530995 0.401239 0.0507647 0 0 0 0 0 0 
64 0.0146178 0.286312 0.67187 0.012494 0.0147059 0 0 0 0 0 
65 0 0.6 0.4 0 0 0 0 0 0 0 
66 0.0221578 0.915326 0.0383505 0.0241654 1.38871e-07 0 0 0 0 0 
67 0 0.668755 0.24766 0.0662113 0.0173736 0 0 0 0 0 
68 0.035517 0.683235 0.21192 0.0646764 0.00465197 0 0 0 0 0 
69 0.0233897 0.741799 0.164151 0.0706602 0 0 0 0 0 0 
70 0.035517 0.683235 0.21192 0.0646764 0.00465197 0 0 0 0 0 
71 0.19621 0.720435 0.051134 0.0322206 1.85162e-07 0 0 0 0 0 
72 0.0102088 0.533425 0.399804 0.0565613 0 0 0 0 0 0 
73 0.00713946 0.815033 0.155163 0.0226639 0 0 0 0 0 0 
74 0.0233885 0.458008 0.475095 0.0199793 0.0235295 0 0 0 0 0 
75 0.0157068 0.627921 0.306511 0.0498605 0 0 0 0 0 0 
76 0.0048459 0.980562 0.00978418 0.00480771 0 0 0 0 0 0 
77 0.0354525 0.864522 0.0613608 0.0386647 2.22194e-07 0 0 0 0 0 
78 0.00425482 0.805529 0.166649 0.0235672 0 0 0 0 0 0 
79 0 0.468755 0.44766 0.0662113 0.0173736 0 0 0 0 0 
80 0.0457143 0.254967 0.653691 0.0456264 0 0 0 0 0 0 
81 0.0221981 0.302534 0.506448 0.165912 0.00290748 0 0 0 0 0 
82 0.0157068 0.803391 0.131041 0.0498605 0 0 0 0 0 0 
83 0.0233897 0.541799 0.364151 0.0706602 0 0 0 0 0 0 
84 0 0.468757 0.447658 0.0662113 0.0173736 0 0 0 0 0 
85 0.0102088 0.733423 0.199806 0.0565613 0 0 0 0 0 0 
86 0 0.668755 0.24766 0.0662113 0.0173736 0 0 0 0 0 
87 0.0233897 0.542776 0.363173 0.0706602 0 0 0 0 0 0 
88 0 0.606308 0.344711 0.0489805 0 0 0 0 0 0 
89 0.00719419 0.373025 0.502468 0.117312 0 0 0 0 0 0 
90 0 0.668755 0.24766 0.0662113 0.0173736 0 0 0 0 0 
91 0 0.468755 0.447653 0.0662181 0.0173736 0 0 0 0 0 
92 0.0354525 0.664522 0.0613766 0.238649 2.22194e-07 0 0 0 0 0 
93 0.035517 0.483241 0.411913 0.0646764 0.00465197 0 0 0 0 0 
94 0.0167069 0.815571 0.11725 0.0504715 0 0 0 0 0 0 
95 0.101028 0.69808 0.151371 0.0461974 0.00332284 0 0 0 0 0 
96 0.258154 0.591094 0.109201 0.0415504 0 0 0 0 0 0 
97 0 0.119684 0.880316 0 0 0 0 0 0 0 
98 0 0.668755 0.24766 0.0662113 0.0173736 0 0 0 0 0 
99 0.0157068 0.803391 0.131041 0.0498605 0 0 0 0 0 0 
100 0.0102088 0.533423 0.199806 0.256561 0 0 0 0 0 0 
101 0.035517 0.683235 0.21192 0.0646764 0.00465197 0 0 0 0 0 
102 0.0234108 0.741778 0.164151 0.0706602 0 0 0 0 0 0 
103 0.0157068 0.803391 0.131041 0.0498605 0 0 0 0 0 0 
104 0.035517 0.483235 0.41192 0.0646764 0.00465197 0 0 0 0 0 
105 0.0157068 0.803391 0.131041 0.0498605 0 0 0 0 0 0 
106 0 0.652443 0.306739 0.0408171 0 0 0 0 0 0 
107 0.00719419 0.373025 0.502468 0.117312 0 0 0 0 0 0 
108 0.0102088 0.533423 0.399806 0.0565613 0 0 0 0 0 0 
109 0.107227 0.311956 0.549303 0.0293984 0.00211453 0 0 0 0 0 
110 0.0354525 0.864522 0.0613608 0.0386647 2.22194e-07 0 0 0 0 0 
111 0 0.433747 0.388401 0.177851 0 0 0 0 0 0 
112 0.00719419 0.373025 0.302468 0.317312 0 0 0 0 0 0 
113 0.0194904 0.381673 0.562578 0.0166494 0.0196079 0 0 0 0 0 
114 0.00719419 0.373025 0.502468 0.117312 0 0 0 0 0 0 
115 0.0194904 0.215147 0.729105 0.0166494 0.0196079 0 0 0 0 0 
116 0.00850737 0.611179 0.166523 0.213791 0 0 0 0 0 0 
117 0.0253693 0.630834 0.294276 0.0461974 0.00332284 0 0 0 0 0 
118 0.0233885 0.458008 0.475095 0.0199793 0.0235295 0 0 0 0 0 
119 0.204762 0.378688 0.378528 0.038022 0 0 0 0 0 0 
120 0.00599516 0.310854 0.418723 0.264427 0 0 0 0 0 0 
121 0.00850737 0.61118 0.166511 0.213801 0 0 0 0 0 0 
122 0.035517 0.483235 0.41192 0.0646764 0.00465197 0 0 0 0 0 
123 0.0254654 0.490165 0.29617 0.184877 0.00332284 0 0 0 0 0 
124 0.00638053 0.708363 0.249901 0.0353553 0 0 0 0 0 0 
125 0 0.836356 0.143236 0.0204086 0 0 0 0 0 0 
126 0.0233897 0.541799 0.164151 0.27066 0 0 0 0 0 0 
127 0.0102088 0.733423 0.199806 0.0565613 0 0 0 0 0 0 
128 0.01021 0.733422 0.199806 0.0565613 0 0 0 0 0 0 
129 0.0221981 0.567222 0.367249 0.0404227 0.00290748 0 0 0 0 0 
130 0 0.723962 0.206383 0.0551761 0.014478 0 0 0 0 0 
131 0.035517 0.683235 0.21192 0.0646764 0.00465197 0 0 0 0 0 
132 0.00721224 0.573004 0.302471 0.117312 0 0 0 0 0 0 
133 0.00719419 0.373025 0.502468 0.117312 0 0 0 0 0 0 
134 0 0.407253 0.543766 0.0489805 0 0 0 0 0 0 
135 0.035517 0.683235 0.21192 0.0646764 0.00465197 0 0 0 0 0 
136 0.00719419 0.373087 0.502406 0.117312 0 0 0 0 0 0 
137 0 0.407253 0.543766 0.0489805 0 0 0 0 0 0 
138 0.035517 0.483235 0.225236 0.25136 0.00465197 0 0 0 0 0 
139 0.0157068 0.603391 0.331041 0.0498605 0 0 0 0 0 0 
140 0.0221981 0.802022 0.13245 0.0404227 0.00290748 0 0 0 0 0 
141 0.0253693 0.773739 0.151371 0.0461974 0.00332284 0 0 0 0 0 
142 0 0.668755 0.24766 0.0662113 0.0173736 0 0 0 0 0 
143 0 0.407253 0.543766 0.0489805 0 0 0 0 0 0 
144 0.0102091 0.733423 0.199806 0.0565613 0 0 0 0 0 0 
145 0.0354525 0.864522 0.0613608 0.0386647 2.22194e-07 0 0 0 0 0 
146 0.035517 0.683235 0.21192 0.0646764 0.00465197 0 0 0 0 0 
147 0.00719419 0.373025 0.302468 0.317312 0 0 0 0 0 0 
148 0.0295975 0.736029 0.1766 0.053897 0.00387664 0 0 0 0 0 
149 0.0102088 0.733423 0.199806 0.0565613 0 0 0 0 0 0 
150 0 0.999999 0 0 0 0 0 0 0 0 
151 0.0157068 0.803391 0.131041 0.0498605 0 0 0 0 0 0 
152 0.0158974 0.8032 0.131041 0.0498605 0 0 0 0 0 0 
153 0.0457143 0.454426 0.454233 0.0456264 0 0 0 0 0 0 
154 0.0457143 0.254426 0.654233 0.0456264 0 0 0 0 0 0 
155 0.0154362 0.938112 0.0310662 0.0153847 0 0 0 0 0 0 
156 0.0253232 0.617442 0.0452832 0.311947 4.7437e-06 0 0 0 0 0 
157 0 0.763396 0.1769 0.0472938 0.0124097 0 0 0 0 0 
158 0 0.226318 0.74647 0.0272114 0 0 0 0 0 0 
159 0.013089 0.836159 0.109201 0.0415504 0 0 0 0 0 0 
160 0.150592 0.648864 0.171658 0.0269485 0.00193832 0 0 0 0 0 
161 0.0194914 0.784832 0.136792 0.0588835 0 0 0 0 0 0 
162 0.00719419 0.573025 0.302468 0.117312 0 0 0 0 0 0 
163 0.035517 0.683235 0.21192 0.0646764 0.00465197 0 0 0 0 0 
164 0.0157068 0.606998 0.327434 0.0498605 0 0 0 0 0 0 
165 0.00719419 0.573025 0.302468 0.117312 0 0 0 0 0 0 
166 0 0.620539 0.1769 0.190151 0.0124097 0 0 0 0 0 
167 0.0233885 0.458008 0.475095 0.0199793 0.0235295 0 0 0 0 0 
168 0.0233897 0.741799 0.164151 0.0706602 0 0 0 0 0 0 
169 0.119837 0.779627 0.0728357 0.0277003 0 0 0 0 0 0 
170 0.0295975 0.402696 0.1766 0.38723 0.00387664 0 0 0 0 0 
171 0.035517 0.483235 0.211997 0.264599 0.00465197 0 0 0 0 0 
172 0 0.557412 0.372933 0.0551761 0.014478 0 0 0 0 0 
173 0.475612 0.510035 0.014353 0 0 0 0 0 0 0 
174 0.035517 0.483235 0.21192 0.264676 0.00465197 0 0 0 0 0 
175 0.0354525 0.864522 0.0613608 0.0386647 2.22194e-07 0 0 0 0 0 
176 0.0157068 0.803391 0.131041 0.0498605 0 0 0 0 0 0 
177 0.0233897 0.741799 0.164151 0.0706602 0 0 0 0 0 0 
178 0.0157068 0.803391 0.131041 0.0498605 0 0 0 0 0 0 
179 0.00719419 0.373025 0.502468 0.117312 0 0 0 0 0 0 
180 0.0157068 0.603391 0.331041 0.0498605 0 0 0 0 0 0 
181 0 0.723962 0.206383 0.0551761 0.014478 0 0 0 0 0 
182 0.0457143 0.454426 0.454233 0.0456264 0 0 0 0 0 0 
183 0.00722844 0.57299 0.302468 0.117312 0 0 0 0 0 0 
184 0 0.668755 0.24766 0.0662113 0.0173736 0 0 0 0 0 
185 0.0233897 0.741799 0.164151 0.0706602 0 0 0 0 0 0 
186 0.0233897 0.541799 0.164151 0.27066 0 0 0 0 0 0 
187 0.0102088 0.533423 0.399806 0.0565613 0 0 0 0 0 0 
188 0.035517 0.483235 0.41192 0.0646764 0.00465197 0 0 0 0 0 
189 0.035517 0.483235 0.21192 0.264676 0.00465197 0 0 0 0 0 
190 0.035517 0.683235 0.21192 0.0646764 0.00465197 0 0 0 0 0 
191 0.0138582 0.803022 0.142719 0.040401 0 0 0 0 0 0 
192 0.00850737 0.615087 0.329271 0.0471344 0 0 0 0 0 0 
193 0.0169588 0.853825 0.093601 0.0356146 0 0 0 0 0 0 
194 0.0167069 0.529856 0.260108 0.193329 0 0 0 0 0 0 
195 0.0112192 0.859565 0.0936008 0.0356146 0 0 0 0 0 0 
196 0.0295975 0.736029 0.1766 0.053897 0.00387664 0 0 0 0 0 
197 0.0102976 0.733335 0.199806 0.0565613 0 0 0 0 0 0 
198 0.035517 0.483235 0.41192 0.0646764 0.00465197 0 0 0 0 0 
199 0.0154362 0.938112 0.0310662 0.0153847 0 0 0 0 0 0 
200 0 0.145551 0.854448 0 0 0 0 0 0 0 
201 0.0354525 0.864522 0.0613608 0.0386647 2.22194e-07 0 0 0 0 0 
202 0 0.668755 0.24766 0.0662113 0.0173736 0 0 0 0 0 
203 0 0.407571 0.543448 0.0489805 0 0 0 0 0 0 
204 0.0354525 0.664522 0.261361 0.0386647 2.22194e-07 0 0 0 0 0 
205 0.0157068 0.803391 0.131041 0.0498605 0 0 0 0 0 0 
206 0.0233897 0.541944 0.364006 0.0706602 0 0 0 0 0 0 
207 0.035517 0.68309 0.212064 0.0646764 0.00465197 0 0 0 0 0 
208 0.0457143 0.254426 0.654233 0.0456264 0 0 0 0 0 0 
209 0.0102088 0.534323 0.398907 0.0565613 0 0 0 0 0 0 
210 0.00850737 0.775507 0.16885 0.0471344 0 0 0 0 0 0 
211 0 0.469586 0.446829 0.0662113 0.0173736 0 0 0 0 0 
212 0.0102088 0.733423 0.199806 0.0565613 0 0 0 0 0 0 
213 0.0457143 0.454426 0.454233 0.0456264 0 0 0 0 0 0 
214 0.0354525 0.864522 0.0613608 0.0386647 2.22194e-07 0 0 0 0 0 
215 0.0102088 0.733423 0.199806 0.0565613 0 0 0 0 0 0 
216 0.0112192 0.859492 0.0936734 0.0356146 0 0 0 0 0 0 
217 0.0129482 0.948342 0.0258885 0.0128205 0 0 0 0 0 0 
218 0.0253232 0.617561 0.329498 0.0276177 1.5871e-07 0 0 0 0 0 
219 0.0157068 0.603391 0.331041 0.0498605 0 0 0 0 0 0 
220 0 0.453007 0.546993 0 0 0 0 0 0 0 
221 0.00719419 0.573025 0.302468 0.117312 0 0 0 0 0 0 
222 0.011221 0.716698 0.094173 0.177907 0 0 0 0 0 0 
223 0.0233897 0.741799 0.164151 0.0706602 0 0 0 0 0 0 
224 0.0102088 0.733423 0.199806 0.0565613 0 0 0 0 0 0 
225 0.00850737 0.777853 0.166505 0.0471344 0 0 0 0 0 0 
226 0 0.607253 0.343766 0.0489805 0 0 0 0 0 0 
227 0.0102088 0.733423 0.199806 0.0565613 0 0 0 0 0 0 
228 0.0233897 0.741799 0.164151 0.0706602 0 0 0 0 0 0 
229 0.00719419 0.573025 0.302468 0.117312 0 0 0 0 0 0 
230 0.0925792 0.279896 0.609396 0.00832473 0.00980395 0 0 0 0 0 
231 0.0233897 0.542997 0.362952 0.0706602 0 0 0 0 0 0 
232 0.0354525 0.664522 0.261361 0.0386647 2.22194e-07 0 0 0 0 0 
233 0 0.4 0.6 0 0 0 0 0 0 0 
234 0.0116949 0.8709 0.0820753 0.0353301 0 0 0 0 0 0 
235 0.0233897 0.741799 0.164151 0.0706602 0 0 0 0 0 0 
236 0.00719419 0.573025 0.302468 0.117312 0 0 0 0 0 0 
237 0.0457143 0.454426 0.454233 0.0456264 0 0 0 0 0 0 
238 0.0444445 0 0.555587 0.399968 0 0 0 0 0 0 
239 0.00719419 0.573025 0.302468 0.117312 0 0 0 0 0 0 
240 0 0.668755 0.24766 0.0662113 0.0173736 0 0 0 0 0 
241 0.253077 0.72938 0.0175425 0 0 0 0 0 0 0 
242 0 0.763396 0.1769 0.0472938 0.0124097 0 0 0 0 0 
243 0.0194904 0.215007 0.729245 0.0166494 0.0196079 0 0 0 0 0 
244 0.0259549 0.523877 0.258271 0.188568 0.00332792 0 0 0 0 0 
245 0.00719419 0.573025 0.302468 0.117312 0 0 0 0 0 0 
246 0.0233897 0.741799 0.164151 0.0706602 0 0 0 0 0 0 
247 0 0.723962 0.206383 0.0551761 0.014478 0 0 0 0 0 
248 0.0233897 0.741799 0.164151 0.0706602 0 0 0 0 0 0 
249 0.0157068 0.803391 0.131041 0.0498605 0 0 0 0 0 0 
250 0.0157068 0.803391 0.131041 0.0498605 0 0 0 0 0 0 
251 0.0354525 0.864522 0.0613608 0.0386647 2.22194e-07 0 0 0 0 0 
252 0.035517 0.683235 0.21192 0.0646764 0.00465197 0 0 0 0 0 
253 0.035517 0.683235 0.21192 0.0646764 0.00465197 0 0 0 0 0 
254 0.035517 0.683235 0.21192 0.0646764 0.00465197 0 0 0 0 0 
255 0.0233897 0.541799 0.36415 0.0706602 0 0 0 0 0 0 
256 0.0233897 0.741799 0.164151 0.0706602 0 0 0 0 0 0 
257 0.035517 0.483235 0.21192 0.264651 0.00467711 0 0 0 0 0 
258 0 0.576585 0.388429 0.0349861 0 0 0 0 0 0 
259 0.035517 0.483235 0.21192 0.264676 0.00465197 0 0 0 0 0 
260 0.00729203 0.523874 0.428433 0.040401 0 0 0 0 0 0 
261 0.0154362 0.938112 0.0310662 0.0153847 0 0 0 0 0 0 
262 0.0457143 0.254426 0.654233 0.0456264 0 0 0 0 0 0 
263 0.624022 0.375978 0 0 0 0 0 0 0 0 
264 0.0888889 0 0.664976 0.246134 0 0 0 0 0 0 
265 0.0233897 0.741799 0.164151 0.0706602 0 0 0 0 0 0 
266 0.0233885 0.258008 0.675094 0.0199793 0.0235295 0 0 0 0 0 
267 0.00719419 0.373025 0.303259 0.316522 0 0 0 0 0 0 
268 0 0.407253 0.543766 0.0489805 0 0 0 0 0 0 
269 0 0.668755 0.24766 0.0662113 0.0173736 0 0 0 0 0 
270 0.00719419 0.573025 0.302468 0.117312 0 0 0 0 0 0 
271 0.0581241 0.934695 0.00718063 0 0 0 0 0 0 0 
272 0 0.668755 0.24766 0.0662113 0.0173736 0 0 0 0 0 
273 0.00719419 0.573025 0.302468 0.117312 0 0 0 0 0 0 
274 0.0157068 0.803391 0.131041 0.0498605 0 0 0 0 0 0 
275 0.0102088 0.733423 0.199806 0.0565613 0 0 0 0 0 0 
276 0.0154362 0.938112 0.0310668 0.0153847 0 0 0 0 0 0 
277 0.0233897 0.741799 0.164151 0.0706602 0 0 0 0 0 0 
278 0.0157068 0.803391 0.131041 0.0498605 0 0 0 0 0 0 
279 0 0.668755 0.24766 0.0662113 0.0173736 0 0 0 0 0 
280 0.0102088 0.533423 0.399806 0.0565613 0 0 0 0 0 0 
281 0.0157068 0.803391 0.131041 0.0498605 0 0 0 0 0 0 
282 0.0157068 0.803391 0.131041 0.0498605 0 0 0 0 0 0 
283 0.035517 0.683235 0.21192 0.0646764 0.00465197 0 0 0 0 0 
284 0.0154393 0.938109 0.0310662 0.0153847 0 0 0 0 0 0 
285 0 0.468755 0.44766 0.0662113 0.0173736 0 0 0 0 0 
286 0.0295975 0.736029 0.1766 0.053897 0.00387664 0 0 0 0 0 
287 0 0.390629 0.539716 0.0551761 0.014478 0 0 0 0 0 
288 0 0.723962 0.206383 0.0551761 0.014478 0 0 0 0 0 
289 0.0168102 0.815467 0.117251 0.0504716 0 0 0 0 0 0 
290 0.013089 0.836159 0.109201 0.0415504 0 0 0 0 0 0 
291 0.0233885 0.258008 0.675094 0.0199793 0.0235295 0 0 0 0 0 
292 0.00719419 0.573025 0.302468 0.117312 0 0 0 0 0 0 
293 0.0157068 0.803391 0.131041 0.0498605 0 0 0 0 0 0 
294 0.00599516 0.310854 0.252111 0.431039 0 0 0 0 0 0 
295 0.00719419 0.573025 0.302468 0.117312 0 0 0 0 0 0 
296 0.0102091 0.733423 0.199806 0.0565613 0 0 0 0 0 0 
297 0.0457143 0.254426 0.654233 0.0456264 0 0 0 0 0 0 
298 0.0102088 0.733423 0.199806 0.0565613 0 0 0 0 0 0 
299 0.0295975 0.736029 0.1766 0.053897 0.00387664 0 0 0 0 0 
300 0 0.723962 0.206383 0.0551761 0.014478 0 0 0 0 0 
301 0.0221981 0.802022 0.13245 0.0404227 0.00290748 0 0 0 0 0 
302 0.0157068 0.803391 0.131041 0.0498605 0 0 0 0 0 0 
303 0.255536 0.712888 0.0315766 0 0 0 0 0 0 0 
304 0.0157068 0.803391 0.131041 0.0498605 0 0 0 0 0 0 
305 0.0194914 0.784832 0.136792 0.0588835 0 0 0 0 0 0 
306 0 0.468761 0.447653 0.0662113 0.0173736 0 0 0 0 0 
307 0.0157068 0.803385 0.131047 0.0498605 0 0 0 0 0 0 
308 0.0102088 0.533423 0.199806 0.256561 0 0 0 0 0 0 
309 0.0157068 0.803391 0.131041 0.0498605 0 0 0 0 0 0 
310 0.035517 0.683235 0.21192 0.0646764 0.00465197 0 0 0 0 0 
311 0.0194904 0.381605 0.562647 0.0166494 0.0196079 0 0 0 0 0 
312 0.0157068 0.803391 0.131041 0.0498605 0 0 0 0 0 0 
313 0.0157068 0.803391 0.131041 0.0498605 0 0 0 0 0 0 
314 0.0380952 0.212021 0.711861 0.038022 0 0 0 0 0 0 
315 0.035517 0.683235 0.21192 0.0646764 0.00465197 0 0 0 0 0 
316 0.0233897 0.741799 0.164151 0.0706602 0 0 0 0 0 0 
317 0 0.300597 0.664416 0.0349861 0 0 0 0 0 0 
318 0.00719419 0.573025 0.302468 0.117312 0 0 0 0 0 0 
319 0.0295982 0.569361 0.343266 0.053897 0.00387665 0 0 0 0 0 
320 0.0295975 0.569362 0.343266 0.053897 0.00387665 0 0 0 0 0 
321 0.00638079 0.45848 0.499788 0.0353508 0 0 0 0 0 0 
322 0 0.607253 0.343766 0.0489805 0 0 0 0 0 0 
323 0 0.4 0.6 0 0 0 0 0 0 0 
324 0 0.468755 0.44766 0.0662113 0.0173736 0 0 0 0 0 
325 0.0233897 0.741799 0.164151 0.0706602 0 0 0 0 0 0 
326 0.0253693 0.773665 0.151445 0.0461974 0.00332284 0 0 0 0 0 
327 0.00850737 0.611187 0.333171 0.0471344 0 0 0 0 0 0 
328 0.0102088 0.533423 0.199806 0.256561 0 0 0 0 0 0 
329 0.0157068 0.803391 0.131041 0.0498605 0 0 0 0 0 0 
330 0.035517 0.683235 0.21192 0.0646764 0.00465197 0 0 0 0 0 
331 0.0233885 0.258008 0.475095 0.0199793 0.223529 0 0 0 0 0 
332 0.0221578 0.915326 0.0383505 0.0241654 1.38871e-07 0 0 0 0 0 
333 0.013089 0.66908 0.27628 0.0415504 0 0 0 0 0 0 
334 0.0102088 0.733423 0.199807 0.0565613 0 0 0 0 0 0 
335 0.0157068 0.803391 0.131041 0.0498605 0 0 0 0 0 0 
336 0.0157068 0.639955 0.294477 0.0498605 0 0 0 0 0 0 
337 0.013089 0.836159 0.109201 0.0415504 0 0 0 0 0 0 
338 0.035517 0.483235 0.41192 0.0646764 0.00465197 0 0 0 0 0 
339 0.0102088 0.733423 0.199806 0.0565613 0 0 0 0 0 0 
340 0.035517 0.683235 0.21192 0.0646764 0.00465197 0 0 0 0 0 
341 0.00719419 0.573025 0.302468 0.117312 0 0 0 0 0 0 
342 0.0157068 0.603391 0.331041 0.0498605 0 0 0 0 0 0 
343 0.035517 0.683235 0.21192 0.0646764 0.00465197 0 0 0 0 0 
344 0 0.468755 0.447659 0.0662113 0.0173736 0 0 0 0 0 
345 0.0233897 0.541799 0.36415 0.0706602 0 0 0 0 0 0 
346 0 0.468755 0.44766 0.0662113 0.0173736 0 0 0 0 0 
347 0.0233897 0.541866 0.364083 0.0706602 0 0 0 0 0 0 
348 0.0102088 0.533423 0.399806 0.0565613 0 0 0 0 0 0 
349 0.0457143 0.254426 0.654233 0.0456264 0 0 0 0 0 0 
350 0.0157068 0.803391 0.131041 0.0498605 0 0 0 0 0 0 
351 0 0.222222 0.777777 0 0 0 0 0 0 0 
352 0.0102088 0.533534 0.399695 0.0565613 0 0 0 0 0 0 
353 0 0.407253 0.343766 0.24898 0 0 0 0 0 0 
354 0.00731052 0.569198 0.25622 0.167272 0 0 0 0 0 0 
355 0.0457143 0.254426 0.454233 0.245626 0 0 0 0 0 0 
356 0 0.533333 0.333545 0.133121 0 0 0 0 0 0 
357 0 0.668755 0.24766 0.0662113 0.0173736 0 0 0 0 0 
358 0 0.119673 0.880326 0 0 0 0 0 0 0 
359 0.0194904 0.54834 0.395912 0.0166494 0.0196079 0 0 0 0 0 
360 0.00719419 0.373025 0.302468 0.317312 0 0 0 0 0 0 
361 0.0457143 0.254427 0.654232 0.0456264 0 0 0 0 0 0 
362 0.035517 0.483235 0.41192 0.0646764 0.00465197 0 0 0 0 0 
363 0 0.407259 0.54376 0.0489805 0 0 0 0 0 0 
364 0.0253232 0.90323 0.0438291 0.0276176 1.5871e-07 0 0 0 0 0 
365 0.0253232 0.90323 0.0438291 0.0276176 1.5871e-07 0 0 0 0 0 
366 0.311011 0.488098 0.151371 0.0461974 0.00332284 0 0 0 0 0 
367 0.0380952 0.378688 0.545194 0.0380225 0 0 0 0 0 0 
368 0 0.668755 0.24766 0.0662113 0.0173736 0 0 0 0 0 
369 0.0295975 0.736029 0.1766 0.053897 0.00387664 0 0 0 0 0 
370 0.0233897 0.741799 0.164151 0.0706602 0 0 0 0 0 0 
371 0.00850737 0.611186 0.333171 0.0471346 0 0 0 0 0 0 
372 0.0102088 0.733423 0.199806 0.0565613 0 0 0 0 0 0 
373 0 0.506059 0.453124 0.0408171 0 0 0 0 0 0 
374 0.00719419 0.373025 0.502468 0.117312 0 0 0 0 0 0 
375 0.0102088 0.733423 0.199806 0.0565613 0 0 0 0 0 0 
376 0.0354525 0.664522 0.0614627 0.238563 2.22194e-07 0 0 0 0 0 
377 0.00850737 0.444519 0.499838 0.0471344 0 0 0 0 0 0 
378 0.00729203 0.666709 0.285598 0.040401 0 0 0 0 0 0 
379 0.00719419 0.373025 0.502468 0.117312 0 0 0 0 0 0 
380 0.0233897 0.741799 0.164151 0.0706602 0 0 0 0 0 0 
381 0.00719419 0.573025 0.302468 0.117312 0 0 0 0 0 0 
382 0 0.733333 0.133545 0.133121 0 0 0 0 0 0 
383 0.0457143 0.254426 0.654233 0.0456264 0 0 0 0 0 0 
384 0.00719419 0.373025 0.502468 0.117312 0 0 0 0 0 0 
385 0.0112192 0.859565 0.0936008 0.0356146 0 0 0 0 0 0 
386 0.00599516 0.310854 0.423483 0.259667 0 0 0 0 0 0 
387 0.0158562 0.803242 0.131041 0.0498605 0 0 0 0 0 0 
388 0.00850737 0.44452 0.166512 0.380461 0 0 0 0 0 0 
389 0.0221578 0.790312 0.163365 0.0241654 1.38871e-07 0 0 0 0 0 
390 0 0.607253 0.343766 0.0489805 0 0 0 0 0 0 
391 0.00729203 0.38102 0.571287 0.040401 0 0 0 0 0 0 
392 0.0157068 0.803391 0.131041 0.0498605 0 0 0 0 0 0 
393 0.0233897 0.541799 0.364151 0.0706602 0 0 0 0 0 0 
394 0.035517 0.483235 0.41192 0.0646764 0.00465197 0 0 0 0 0 
395 0.00719419 0.373025 0.502468 0.117312 0 0 0 0 0 0 
396 0 0.468763 0.447652 0.0662113 0.0173736 0 0 0 0 0 
397 0.0102088 0.533423 0.199806 0.256561 0 0 0 0 0 0 
398 0.0157068 0.803391 0.131041 0.0498605 0 0 0 0 0 0 
399 0.035517 0.683235 0.21192 0.0646764 0.00465197 0 0 0 0 0 
400 0.0157068 0.803391 0.131041 0.0498605 0 0 0 0 0 0 
401 0.0354525 0.864522 0.0613608 0.0386647 2.22194e-07 0 0 0 0 0 
402 0.035517 0.683235 0.21192 0.0646764 0.00465197 0 0 0 0 0 
403 0.0354525 0.664522 0.0613608 0.238665 2.22194e-07 0 0 0 0 0 
404 0.00719419 0.573025 0.302468 0.117312 0 0 0 0 0 0 
405 0.0056716 0.851902 0.111003 0.031423 0 0 0 0 0 0 
406 0.0194914 0.784832 0.136792 0.0588835 0 0 0 0 0 0 
407 0.0522348 0.84774 0.0613608 0.0386647 2.22194e-07 0 0 0 0 0 
408 0.193426 0.550206 0.199806 0.0565613 0 0 0 0 0 0 
409 0.0295975 0.569311 0.343318 0.053897 0.00387664 0 0 0 0 0 
410 0.0233897 0.541799 0.164151 0.27066 0 0 0 0 0 0 
411 0.00850737 0.777853 0.166505 0.0471344 0 0 0 0 0 0 
412 0.0157068 0.803391 0.131041 0.0498605 0 0 0 0 0 0 
413 0.0253693 0.34523 0.579718 0.046359 0.00332284 0 0 0 0 0 
414 0.0102088 0.53365 0.39958 0.0565613 0 0 0 0 0 0 
415 0.0233897 0.541799 0.164212 0.270598 0 0 0 0 0 0 
416 0 0.668755 0.24766 0.0662113 0.0173736 0 0 0 0 0 
417 0 0.668755 0.24766 0.0662113 0.0173736 0 0 0 0 0 
418 0.0157068 0.603391 0.331041 0.0498605 0 0 0 0 0 0 
419 0 0.266666 0.733333 0 0 0 0 0 0 0 
420 0.0158659 0.803216 0.131057 0.0498605 0 0 0 0 0 0 
421 0 0.672711 0.286471 0.0408171 0 0 0 0 0 0 
422 0.0102088 0.733423 0.199806 0.0565613 0 0 0 0 0 0 
423 0.0157068 0.603391 0.131041 0.24986 0 0 0 0 0 0 
424 0.0102088 0.733423 0.199806 0.0565613 0 0 0 0 0 0 
425 0.0157068 0.803391 0.131041 0.0498605 0 0 0 0 0 0 
426 0.116835 0.463384 0.302468 0.117312 0 0 0 0 0 0 
427 0.127997 0.590754 0.21192 0.0646764 0.00465197 0 0 0 0 0 
428 0.0359481 0.864026 0.0613608 0.0386647 2.22194e-07 0 0 0 0 0 
429 0.0102088 0.733423 0.199806 0.0565613 0 0 0 0 0 0 
430 0.0102088 0.733423 0.199806 0.0565613 0 0 0 0 0 0 
431 0 0.468755 0.44766 0.0662113 0.0173736 0 0 0 0 0 
432 0 0.733333 0.133545 0.133121 0 0 0 0 0 0 
433 0.0102523 0.73338 0.199806 0.0565613 0 0 0 0 0 0 
434 0.013089 0.669493 0.109247 0.208171 0 0 0 0 0 0 
435 0.00719419 0.373025 0.502468 0.117312 0 0 0 0 0 0 
436 0 0.557296 0.37305 0.0551761 0.014478 0 0 0 0 0 
437 0.0157068 0.603391 0.131041 0.24986 0 0 0 0 0 0 
438 0.0102088 0.733423 0.199806 0.0565613 0 0 0 0 0 0 
439 0.0358062 0.864168 0.0613608 0.0386647 2.22194e-07 0 0 0 0 0 
440 0.209855 0.533777 0.199806 0.0565613 0 0 0 0 0 0 
441 0.00729203 0.809588 0.142719 0.040401 0 0 0 0 0 0 
442 0.0102088 0.733423 0.199806 0.0565613 0 0 0 0 0 0 
443 0.0194914 0.618144 0.30348 0.0588835 0 0 0 0 0 0 
444 0 0.468755 0.44766 0.0662113 0.0173736 0 0 0 0 0 
445 0.131747 0.601897 0.227841 0.0359313 0.00258443 0 0 0 0 0 
446 0 0.668755 0.24766 0.0662113 0.0173736 0 0 0 0 0 
447 0 0.668755 0.24766 0.0662113 0.0173736 0 0 0 0 0 
448 0.0157068 0.803391 0.131041 0.0498605 0 0 0 0 0 0 
449 0.0233897 0.741799 0.164151 0.0706602 0 0 0 0 0 0 
450 0.0157068 0.803391 0.131041 0.0498605 0 0 0 0 0 0 
451 0.0157068 0.803391 0.131041 0.0498605 0 0 0 0 0 0 
452 0.0102088 0.733423 0.199806 0.0565613 0 0 0 0 0 0 
453 0 0.668755 0.24766 0.0662113 0.0173736 0 0 0 0 0 
454 0.0102088 0.733423 0.199806 0.0565613 0 0 0 0 0 0 
455 0.035517 0.683235 0.21192 0.0646764 0.00465197 0 0 0 0 0 
456 0.0102088 0.733423 0.199806 0.0565613 0 0 0 0 0 0 
457 0 0.668755 0.24766 0.0662113 0.0173736 0 0 0 0 0 
458 0.0102088 0.533449 0.39978 0.0565613 0 0 0 0 0 0 
459 0.035517 0.683235 0.21192 0.0646764 0.00465197 0 0 0 0 0 
460 0 0.668755 0.24766 0.0662113 0.0173736 0 0 0 0 0 
461 0.035517 0.683235 0.21192 0.0646764 0.00465197 0 0 0 0 0 
462 0.035517 0.683235 0.21192 0.0646764 0.00465197 0 0 0 0 0 
463 0.0233897 0.741799 0.164151 0.0706602 0 0 0 0 0 0 
464 0.035517 0.483235 0.41192 0.0646764 0.00465197 0 0 0 0 0 
465 0.035517 0.683235 0.21192 0.0646764 0.00465197 0 0 0 0 0 
466 0.0555392 0.912884 0.0315766 0 0 0 0 0 0 0 
467 0.00719419 0.573025 0.302468 0.117312 0 0 0 0 0 0 
468 0 0.607253 0.343766 0.0489805 0 0 0 0 0 0 
469 0.00850737 0.611186 0.166506 0.2138 0 0 0 0 0 0 
470 0.0102088 0.733423 0.199806 0.0565613 0 0 0 0 0 0 
471 0.0457143 0.454426 0.454233 0.0456264 0 0 0 0 0 0 
472 0.0157068 0.803391 0.131041 0.0498605 0 0 0 0 0 0 
473 0.0457143 0.454426 0.454233 0.0456264 0 0 0 0 0 0 
474 0.288889 0 0.464976 0.246134 0 0 0 0 0 0 
475 0 0.143608 0.856391 0 0 0 0 0 0 0 
476 0.00719419 0.373025 0.502468 0.117312 0 0 0 0 0 0 
477 0.0233897 0.741799 0.164151 0.0706602 0 0 0 0 0 0 
478 0.035517 0.683235 0.21192 0.0646764 0.00465197 0 0 0 0 0 
479 0.0233897 0.541799 0.164151 0.27066 0 0 0 0 0 0 
480 0.0161148 0.938419 0.0278913 0.0175749 1.00997e-07 0 0 0 0 0 
481 0.0116949 0.8709 0.0820753 0.0353301 0 0 0 0 0 0 
482 0.0157068 0.803391 0.131041 0.0498605 0 0 0 0 0 0 
483 0.0233897 0.741799 0.164151 0.0706602 0 0 0 0 0 0 
484 0.0102088 0.533492 0.399737 0.0565613 0 0 0 0 0 0 
485 0.0102088 0.733423 0.199806 0.0565613 0 0 0 0 0 0 
486 0.0102088 0.533423 0.399806 0.0565613 0 0 0 0 0 0 
487 0.00850737 0.611186 0.333172 0.0471344 0 0 0 0 0 0 
488 0 0.733333 0.133545 0.133121 0 0 0 0 0 0 
489 0.00719419 0.39935 0.476143 0.117312 0 0 0 0 0 0 
490 0.0102088 0.533423 0.399806 0.0565613 0 0 0 0 0 0 
491 0 0.533333 0.133864 0.332803 0 0 0 0 0 0 
492 0.0233897 0.541799 0.164151 0.27066 0 0 0 0 0 0 
493 0.0157068 0.803391 0.131041 0.0498605 0 0 0 0 0 0 
494 0 0.668755 0.24766 0.0662113 0.0173736 0 0 0 0 0 
495 0.0157068 0.803391 0.131041 0.0498605 0 0 0 0 0 0 
496 0.0233897 0.541799 0.364151 0.0706602 0 0 0 0 0 0 
497 0.0102088 0.533423 0.399806 0.0565613 0 0 0 0 0 0 
498 0.0354525 0.864522 0.0613608 0.0386647 2.22194e-07 0 0 0 0 0 
499 0.00719419 0.373193 0.5023 0.117312 0 0 0 0 0 0 
500 0.0157068 0.603391 0.331041 0.0498605 0 0 0 0 0 0 
501 0.0157068 0.603391 0.131041 0.24986 0 0 0 0 0 0 
502 0 0.666666 0.333333 0 0 0 0 0 0 0 
503 0 0.400026 0.46836 0.120755 0.0108593 0 0 0 0 0 
504 0 0.407372 0.543647 0.0489805 0 0 0 0 0 0 
505 0.0233885 0.258008 0.675094 0.0199793 0.0235295 0 0 0 0 0 
506 0.0233897 0.541799 0.364151 0.0706602 0 0 0 0 0 0 
507 0 0.468755 0.24766 0.0662113 0.217374 0 0 0 0 0 
508 0.0102088 0.733423 0.199806 0.0565613 0 0 0 0 0 0 
509 0.00719419 0.573025 0.302468 0.117312 0 0 0 0 0 0 
510 0.0154362 0.738113 0.0310662 0.215385 0 0 0 0 0 0 
511 0 0.407255 0.543764 0.0489805 0 0 0 0 0 0 
512 0.0157068 0.803391 0.131041 0.0498605 0 0 0 0 0 0 
513 0.035517 0.483235 0.41192 0.0646764 0.00465197 0 0 0 0 0 
514 0.0102088 0.733423 0.199806 0.0565613 0 0 0 0 0 0 
515 0.0233897 0.741799 0.164151 0.0706602 0 0 0 0 0 0 
516 0.0233897 0.741799 0.164151 0.0706602 0 0 0 0 0 0 
517 0.0354525 0.864522 0.0613608 0.0386647 2.22194e-07 0 0 0 0 0 
518 0 0.668755 0.24766 0.0662113 0.0173736 0 0 0 0 0 
519 0.035517 0.48455 0.410604 0.0646764 0.00465197 0 0 0 0 0 
520 0.00689228 0.824679 0.133078 0.0353508 0 0 0 0 0 0 
521 0 0.172443 0.827556 0 0 0 0 0 0 0 
522 0 0.468755 0.247896 0.265975 0.0173736 0 0 0 0 0 
523 0.0354525 0.664522 0.0613608 0.238665 2.22194e-07 0 0 0 0 0 
524 0.0194914 0.784832 0.136792 0.0588835 0 0 0 0 0 0 
525 0.0154362 0.938112 0.0310662 0.0153847 0 0 0 0 0 0 
526 0.0157068 0.603391 0.331041 0.0498605 0 0 0 0 0 0 
527 0 0.468755 0.24766 0.266211 0.0173736 0 0 0 0 0 
528 0.035517 0.483235 0.41192 0.0646764 0.00465197 0 0 0 0 0 
529 0.0157068 0.803391 0.131041 0.0498605 0 0 0 0 0 0 
530 0.0457143 0.454426 0.454233 0.0456264 0 0 0 0 0 0 
531 0.0157068 0.803391 0.131041 0.0498605 0 0 0 0 0 0 
532 0.035517 0.483235 0.41192 0.0646764 0.00465197 0 0 0 0 0 
533 0.035517 0.683235 0.21192 0.0646764 0.00465197 0 0 0 0 0 
534 0.0157068 0.803391 0.131041 0.0498605 0 0 0 0 0 0 
535 0.0233897 0.741799 0.164151 0.0706602 0 0 0 0 0 0 
536 0.035517 0.483235 0.41192 0.0646764 0.00465197 0 0 0 0 0 
537 0.035517 0.483235 0.41192 0.0646764 0.00465197 0 0 0 0 0 
538 0.0157068 0.803391 0.131041 0.0498605 0 0 0 0 0 0 
539 0.0157068 0.603391 0.331041 0.0498605 0 0 0 0 0 0 
540 0.0457143 0.280101 0.628558 0.0456264 0 0 0 0 0 0 
541 0.0112192 0.859565 0.0936008 0.0356146 0 0 0 0 0 0 
542 0.0154362 0.938112 0.0310662 0.0153847 0 0 0 0 0 0 
543 0.0167069 0.815571 0.11725 0.0504715 0 0 0 0 0 0 
544 0.0233897 0.541799 0.164352 0.270459 0 0 0 0 0 0 
545 0.00850737 0.777853 0.166505 0.0471344 0 0 0 0 0 0 
546 0.0194904 0.215033 0.729213 0.0166558 0.0196079 0 0 0 0 0 
547 0 0.668755 0.24766 0.0662113 0.0173736 0 0 0 0 0 
548 0.035517 0.483235 0.41192 0.0646764 0.00465197 0 0 0 0 0 
549 0 0.557304 0.373041 0.0551761 0.014478 0 0 0 0 0 
550 0.0102088 0.733423 0.199806 0.0565613 0 0 0 0 0 0 
551 0.00721141 0.573008 0.302468 0.117312 0 0 0 0 0 0 
552 0.0154362 0.738113 0.231066 0.0153847 0 0 0 0 0 0 
553 0.00449641 0.733139 0.189044 0.0733202 0 0 0 0 0 0 
554 0.0112206 0.859564 0.0936008 0.0356146 0 0 0 0 0 0 
555 0.0295437 0.887102 0.051134 0.0322206 1.85162e-07 0 0 0 0 0 
556 0 0.668755 0.24766 0.0662113 0.0173736 0 0 0 0 0 
557 0.0157068 0.603487 0.330945 0.0498605 0 0 0 0 0 0 
558 0 0.668659 0.247756 0.0662113 0.0173736 0 0 0 0 0 
559 0.035517 0.483235 0.21192 0.264676 0.00465199 0 0 0 0 0 
560 0.0233885 0.258011 0.675091 0.0199793 0.0235295 0 0 0 0 0 
561 0 0.668755 0.24766 0.0662113 0.0173736 0 0 0 0 0 
562 0.035517 0.683235 0.21192 0.0646764 0.00465197 0 0 0 0 0 
563 0.035517 0.683235 0.21192 0.0646764 0.00465197 0 0 0 0 0 
564 0.035517 0.483235 0.21192 0.0646764 0.204652 0 0 0 0 0 
565 0.035517 0.483235 0.41192 0.0646764 0.00465197 0 0 0 0 0 
566 0.00719419 0.573025 0.302468 0.117312 0 0 0 0 0 0 
567 0.0102088 0.533423 0.399806 0.0565613 0 0 0 0 0 0 
568 0.0157068 0.625447 0.308986 0.0498605 0 0 0 0 0 0 
569 0 0.468755 0.44766 0.0662113 0.0173736 0 0 0 0 0 
570 0.0233897 0.741799 0.164151 0.0706602 0 0 0 0 0 0 
571 0.0157068 0.803391 0.131041 0.0498605 0 0 0 0 0 0 
572 0.035517 0.483235 0.21192 0.264676 0.00465197 0 0 0 0 0 
573 0.0233897 0.741799 0.164151 0.0706602 0 0 0 0 0 0 
574 0.0233897 0.741799 0.164151 0.0706602 0 0 0 0 0 0 
575 0.0102088 0.733423 0.199806 0.0565613 0 0 0 0 0 0 
576 0.0354525 0.664524 0.261359 0.0386647 2.22194e-07 0 0 0 0 0 
577 0.0354525 0.86452 0.0613626 0.0386647 2.22194e-07 0 0 0 0 0 
578 0.0888889 0 0.664976 0.246134 0 0 0 0 0 0 
579 0.0157068 0.803391 0.131041 0.0498605 0 0 0 0 0 0 
580 0.0157068 0.603766 0.330666 0.0498605 0 0 0 0 0 0 
581 0 0.407253 0.543766 0.0489805 0 0 0 0 0 0 
582 0.0102088 0.733423 0.199806 0.0565613 0 0 0 0 0 0 
583 0.0157068 0.603391 0.331041 0.0498605 0 0 0 0 0 0 
584 0.0130894 0.669492 0.110202 0.207217 0 0 0 0 0 0 
585 0 0.407253 0.543766 0.0489805 0 0 0 0 0 0 
586 0.0157068 0.610221 0.324211 0.0498605 0 0 0 0 0 0 
587 0.013089 0.663801 0.116908 0.206201 0 0 0 0 0 0 
588 0 0.466666 0.533333 0 0 0 0 0 0 0 
589 0 0.475065 0.441343 0.0662177 0.0173736 0 0 0 0 0 
590 0.013089 0.781983 0.163377 0.0415504 0 0 0 0 0 0 
591 0.035517 0.683235 0.21192 0.0646764 0.00465197 0 0 0 0 0 
592 0 0.668755 0.24766 0.0662113 0.0173736 0 0 0 0 0 
593 0 0.407253 0.343766 0.24898 0 0 0 0 0 0 
594 0.00719419 0.374229 0.50126 0.117316 0 0 0 0 0 0 
595 0.0354525 0.864522 0.0613608 0.0386647 2.22194e-07 0 0 0 0 0 
596 0.0102088 0.733423 0.199806 0.0565613 0 0 0 0 0 0 
597 0 0.733333 0.133545 0.133121 0 0 0 0 0 0 
598 0 0.468755 0.24766 0.266211 0.0173736 0 0 0 0 0 
599 0 0.468755 0.24766 0.0666219 0.216963 0 0 0 0 0 
600 0.0102088 0.53376 0.399469 0.0565613 0 0 0 0 0 0 
601 0.035517 0.483235 0.41192 0.0646764 0.00465197 0 0 0 0 0 
602 0 0.468755 0.44766 0.0662113 0.0173736 0 0 0 0 0 
603 0.0233897 0.541799 0.364151 0.0706602 0 0 0 0 0 0 
604 0.0157068 0.603391 0.131041 0.24986 0 0 0 0 0 0 
605 0.0157068 0.803391 0.131041 0.0498605 0 0 0 0 0 0 
606 0.0157068 0.803391 0.131041 0.0498605 0 0 0 0 0 0 
607 0 0.468755 0.44766 0.0662113 0.0173736 0 0 0 0 0 
608 0.0457143 0.254426 0.455019 0.24484 0 0 0 0 0 0 
609 0.0154362 0.738113 0.231066 0.0153847 0 0 0 0 0 0 
610 0.00719419 0.373025 0.306892 0.312888 0 0 0 0 0 0 
611 0.0102088 0.733423 0.199806 0.0565613 0 0 0 0 0 0 
612 0.0233897 0.741799 0.164151 0.0706602 0 0 0 0 0 0 
613 0.0154362 0.938112 0.0310662 0.0153847 0 0 0 0 0 0 
614 0 0.468755 0.44766 0.0662113 0.0173736 0 0 0 0 0 
615 0 0.468755 0.252236 0.261635 0.0173736 0 0 0 0 0 
616 0 0.668755 0.24766 0.0662113 0.0173736 0 0 0 0 0 
617 0.0253232 0.617516 0.329543 0.0276176 1.5871e-07 0 0 0 0 0 
618 0.0457143 0.454426 0.454233 0.0456264 0 0 0 0 0 0 
619 0 0.474616 0.441545 0.0664652 0.0173736 0 0 0 0 0 
620 0 0 0.999999 0 0 0 0 0 0 0 
621 0.0233885 0.43712 0.495982 0.0199793 0.0235295 0 0 0 0 0 
622 0.035517 0.504159 0.390995 0.0646764 0.00465197 0 0 0 0 0 
623 0.0102088 0.60949 0.323731 0.0565696 0 0 0 0 0 0 
624 0.0102088 0.533423 0.399806 0.0565613 0 0 0 0 0 0 
625 0.035517 0.483235 0.21192 0.264676 0.00465197 0 0 0 0 0 
626 0.0157068 0.803391 0.131041 0.0498605 0 0 0 0 0 0 
627 0.0102088 0.733423 0.199806 0.0565613 0 0 0 0 0 0 
628 0.0157068 0.603981 0.330451 0.0498605 0 0 0 0 0 0 
629 0.0157068 0.802801 0.131631 0.0498605 0 0 0 0 0 0 
630 0.0233897 0.541799 0.364151 0.0706602 0 0 0 0 0 0 
631 0.0354868 0.864488 0.0613608 0.0386647 2.22194e-07 0 0 0 0 0 
632 0.00719419 0.373025 0.502468 0.117312 0 0 0 0 0 0 
633 0 0.143608 0.856391 0 0 0 0 0 0 0 
634 0.0233897 0.741799 0.164151 0.0706602 0 0 0 0 0 0 
635 0.0354525 0.864522 0.0613608 0.0386647 2.22194e-07 0 0 0 0 0 
636 0 0.668755 0.24766 0.0662113 0.0173736 0 0 0 0 0 
637 0.035517 0.483235 0.41192 0.0646764 0.00465197 0 0 0 0 0 
638 0 0.468755 0.24766 0.266211 0.0173736 0 0 0 0 0 
639 0.0354525 0.864522 0.0613608 0.0386647 2.22194e-07 0 0 0 0 0 
640 0 0.266666 0.733333 0 0 0 0 0 0 0 
