1 1 5 100 1
0 2 5 100 0.000306253
1 2 5 100 0.999554
3 2 5 100 0.000139469
2 3 5 100 0.996126
4 3 5 100 0.00387359
2 4 5 100 0.8
3 4 5 100 0.2
3 5 5 100 0.800001
4 5 5 100 0.199988
5 5 5 100 1.12759e-05
0 6 5 100 5.31562e-06
3 6 5 100 0.4
4 6 5 100 0.2
5 6 5 100 0.399995
0 7 5 100 0.0049708
4 7 5 100 0.745029
5 7 5 100 0.25
2 8 5 100 0.333333
3 8 5 100 0.333333
5 8 5 100 0.333333
0 9 5 100 0.000700058
4 9 5 100 0.996156
5 9 5 100 0.00314416
5 10 5 100 1
1 1 6 100 0.750851
2 1 6 100 0.249149
2 2 6 100 1
0 3 6 100 4.5362e-05
3 3 6 100 0.749955
4 3 6 100 0.25
3 4 6 100 0.75
4 4 6 100 0.25
3 5 6 100 0.25
4 5 6 100 0.75
0 6 6 100 0.000161699
5 6 6 100 0.99981
6 6 6 100 2.81615e-05
4 7 6 100 0.25
5 7 6 100 0.25
6 7 6 100 0.5
5 8 6 100 1
0 9 6 100 0.000230498
5 9 6 100 0.498735
6 9 6 100 0.501035
6 10 6 100 1
1 1 7 100 1
2 2 7 100 1
3 3 7 100 0.754671
4 3 7 100 0.245329
0 4 7 100 6.54734e-06
3 4 7 100 0.374993
4 4 7 100 0.625
0 5 7 100 3.23685e-05
4 5 7 100 0.624467
5 5 7 100 0.375501
3 6 7 100 0.25
5 6 7 100 0.75
4 7 7 100 0.125
5 7 7 100 0.625001
6 7 7 100 0.249984
7 7 7 100 1.41047e-05
0 8 7 100 2.79114e-06
3 8 7 100 0.375
6 8 7 100 0.374983
7 8 7 100 0.250014
0 9 7 100 2.00627e-06
4 9 7 100 0.166667
6 9 7 100 0.166656
7 9 7 100 0.666675
5 10 7 100 0.5
7 10 7 100 0.5
0 11 7 100 8.5784e-05
6 11 7 100 0.999599
7 11 7 100 0.000315241
7 12 7 100 1
1 1 8 100 1
0 2 8 100 1.15067e-05
1 2 8 100 0.115172
2 2 8 100 0.818117
3 2 8 100 9.14071e-07
4 2 8 100 7.29652e-06
7 2 8 100 0.0666913
0 3 8 100 0.00017513
1 3 8 100 0.181818
2 3 8 100 0.0905054
3 3 8 100 0.636223
4 3 8 100 0.0912786
0 4 8 100 5.0174e-05
2 4 8 100 0.363657
3 4 8 100 0.0908976
4 4 8 100 0.545395
0 5 8 100 9.25757e-06
3 5 8 100 0.454545
4 5 8 100 0.181809
5 5 8 100 0.316736
6 5 8 100 0.0469006
0 6 8 100 1.41857e-05
4 6 8 100 0.181818
5 6 8 100 0.736988
6 6 8 100 0.0811798
0 7 8 100 0.0909091
4 7 8 100 0.0909092
5 7 8 100 0.0307811
6 7 8 100 0.78336
7 7 8 100 0.00404081
4 8 8 100 0.0909092
5 8 8 100 0.181818
6 8 8 100 0.209115
7 8 8 100 0.518153
8 8 8 100 4.57898e-06
0 9 8 100 8.08973e-05
3 9 8 100 1.91331e-06
5 9 8 100 0.0909091
6 9 8 100 0.363635
7 9 8 100 0.363192
8 9 8 100 0.182181
5 10 8 100 0.222222
6 10 8 100 0.111111
7 10 8 100 0.333334
8 10 8 100 0.333333
0 11 8 100 0.0170698
6 11 8 100 0.333334
7 11 8 100 0.166667
8 11 8 100 0.48293
0 12 8 100 0.00120402
7 12 8 100 0.749986
8 12 8 100 0.24881
0 13 8 100 0.0801881
8 13 8 100 0.919812
0 14 8 100 0.0113121
8 14 8 100 0.988688
1 1 9 100 1
1 2 9 100 0.142857
2 2 9 100 0.714286
5 2 9 100 0.142857
0 3 9 100 2.09796e-05
1 3 9 100 3.49326e-05
2 3 9 100 0.142857
3 3 9 100 0.714286
5 3 9 100 0.142801
0 4 9 100 0.00189245
2 4 9 100 0.142857
3 4 9 100 0.142857
4 4 9 100 0.569536
5 4 9 100 0.142857
3 5 9 100 0.142857
4 5 9 100 0.714134
5 5 9 100 0.143009
4 6 9 100 0.142857
5 6 9 100 0.857143
0 7 9 100 0.000554373
6 7 9 100 0.999446
0 8 9 100 0.000113539
3 8 9 100 0.00039824
7 8 9 100 0.999488
0 9 9 100 3.5887e-06
5 9 9 100 0.285714
6 9 9 100 0.285714
7 9 9 100 0.142857
8 9 9 100 0.285695
9 9 9 100 1.61196e-05
0 10 9 100 4.51233e-05
6 10 9 100 0.285714
7 10 9 100 0.365515
8 10 9 100 0.0630111
9 10 9 100 0.285714
7 11 9 100 0.6
8 11 9 100 0.4
0 12 9 100 0.000389513
6 12 9 100 0.199987
7 12 9 100 0.2
8 12 9 100 0.398355
9 12 9 100 0.201268
7 13 9 100 0.25
8 13 9 100 0.25
9 13 9 100 0.5
0 14 9 100 9.60123e-06
8 14 9 100 0.499963
9 14 9 100 0.500027
9 15 9 100 1
1 1 10 100 0.916667
2 1 10 100 0.0833333
0 2 10 100 0.000191228
1 2 10 100 0.0833333
2 2 10 100 0.908604
6 2 10 100 0.000110784
8 2 10 100 0.00776079
0 3 10 100 0.00790064
2 3 10 100 0.416637
3 3 10 100 0.446261
4 3 10 100 0.0833333
5 3 10 100 0.045854
7 3 10 100 1.43339e-05
1 4 10 100 1.48816e-05
2 4 10 100 0.0833333
3 4 10 100 0.583333
4 4 10 100 0.333209
10 4 10 100 0.000109607
3 5 10 100 0.333333
4 5 10 100 0.416667
5 5 10 100 0.249925
9 5 10 100 7.50099e-05
3 6 10 100 0.0833332
4 6 10 100 0.583333
5 6 10 100 0.166667
6 6 10 100 0.166667
0 7 10 100 1.24309e-06
3 7 10 100 0.0833333
4 7 10 100 0.451682
5 7 10 100 0.214983
6 7 10 100 0.0833333
7 7 10 100 0.0833333
8 7 10 100 0.0833333
2 8 10 100 0.0210571
4 8 10 100 0.0833333
5 8 10 100 0.583333
6 8 10 100 0.308111
8 8 10 100 0.00416524
0 9 10 100 0.000189075
2 9 10 100 3.32014e-06
5 9 10 100 0.249892
6 9 10 100 0.249988
7 9 10 100 0.333262
8 9 10 100 0.166666
0 10 10 100 0.0402476
2 10 10 100 1.37875e-06
3 10 10 100 1.76178e-06
6 10 10 100 0.25
7 10 10 100 0.0431179
8 10 10 100 0.58301
9 10 10 100 0.0836217
0 11 10 100 0.09091
6 11 10 100 0.727266
7 11 10 100 0.0909092
9 11 10 100 0.0909104
10 11 10 100 4.39489e-06
1 12 10 100 0.000283642
7 12 10 100 0.812912
8 12 10 100 0.0958956
10 12 10 100 0.090909
0 13 10 100 2.66674e-06
7 13 10 100 0.1
8 13 10 100 0.478927
9 13 10 100 0.421063
10 13 10 100 8.29305e-06
0 14 10 100 2.85118e-06
7 14 10 100 0.2
8 14 10 100 0.2
9 14 10 100 0.299989
10 14 10 100 0.300008
7 15 10 100 0.142857
8 15 10 100 0.285715
9 15 10 100 0.142857
10 15 10 100 0.428571
0 16 10 100 0.000158926
8 16 10 100 0.5
9 16 10 100 0.499014
10 16 10 100 0.000826616
6 17 10 100 0.25
8 17 10 100 0.25
10 17 10 100 0.5
0 18 10 100 6.895e-06
9 18 10 100 0.999978
10 18 10 100 1.54853e-05
0 19 10 100 0.157506
10 19 10 100 0.842494
0 20 10 100 0.0148129
10 20 10 100 0.985187
1 1 11 100 1
0 2 11 100 0.00838485
1 2 11 100 0.111111
2 2 11 100 0.842205
3 2 11 100 0.026452
7 2 11 100 0.000187381
8 2 11 100 0.00838677
9 2 11 100 0.00327259
0 3 11 100 0.00811235
2 3 11 100 0.753651
3 3 11 100 0.11434
8 3 11 100 0.0132606
10 3 11 100 0.110636
3 4 11 100 0.666667
4 4 11 100 0.333333
0 5 11 100 5.15728e-06
3 5 11 100 0.117167
4 5 11 100 0.549494
5 5 11 100 0.333334
0 6 11 100 0.00932923
3 6 11 100 0.111111
4 6 11 100 0.200544
5 6 11 100 0.666553
6 6 11 100 1.1922e-06
7 6 11 100 0.000112724
10 6 11 100 0.0123489
0 7 11 100 1.72941e-05
2 7 11 100 0.109702
3 7 11 100 2.25308e-06
4 7 11 100 0.224066
5 7 11 100 0.1111
6 7 11 100 0.444001
8 7 11 100 0.111111
6 8 11 100 0.667551
7 8 11 100 0.332449
5 9 11 100 0.111111
6 9 11 100 0.333333
7 9 11 100 0.555555
2 10 11 100 0.021729
7 10 11 100 0.333333
8 10 11 100 0.644938
2 11 11 100 0.00021047
5 11 11 100 0.111111
8 11 11 100 0.666456
9 11 11 100 0.222222
0 12 11 100 0.00103783
7 12 11 100 5.48172e-05
9 12 11 100 0.887851
10 12 11 100 0.111056
0 13 11 100 3.04179e-06
8 13 11 100 0.444445
10 13 11 100 0.555543
11 13 11 100 9.45898e-06
8 14 11 100 0.333334
9 14 11 100 0.111111
10 14 11 100 0.111111
11 14 11 100 0.444444
6 15 11 100 0.2
9 15 11 100 0.593798
10 15 11 100 0.00620191
11 15 11 100 0.2
0 16 11 100 7.33121e-05
4 16 11 100 0.0277584
7 16 11 100 0.25
10 16 11 100 0.472169
11 16 11 100 0.249999
0 17 11 100 0.000506911
9 17 11 100 0.333333
10 17 11 100 0.664954
11 17 11 100 0.0012053
10 18 11 100 0.666667
11 18 11 100 0.333333
10 19 11 100 0.500001
11 19 11 100 0.499999
11 20 11 100 1
1 1 12 100 0.685813
2 1 12 100 0.228289
4 1 12 100 0.0858977
1 2 12 100 9.74377e-05
2 2 12 100 0.42317
3 2 12 100 0.576733
0 3 12 100 1.11253e-05
2 3 12 100 0.228755
3 3 12 100 0.285352
4 3 12 100 0.485531
7 3 12 100 0.000350435
3 4 12 100 0.285714
4 4 12 100 0.285714
5 4 12 100 0.428571
5 5 12 100 0.571428
6 5 12 100 0.285714
10 5 12 100 0.142857
0 6 12 100 0.14286
5 6 12 100 0.0228517
6 6 12 100 0.405509
7 6 12 100 0.285714
11 6 12 100 0.142857
12 6 12 100 0.000207546
6 7 12 100 0.428571
7 7 12 100 0.571429
0 8 12 100 7.11156e-05
3 8 12 100 0.000333494
5 8 12 100 4.32321e-06
6 8 12 100 0.142857
7 8 12 100 0.142455
8 8 12 100 0.714279
0 9 12 100 9.77721e-05
8 9 12 100 0.161685
9 9 12 100 0.695231
10 9 12 100 0.142986
0 10 12 100 0.000260531
5 10 12 100 0.142857
7 10 12 100 0.428571
8 10 12 100 0.285714
9 10 12 100 0.137575
10 10 12 100 0.00502184
6 11 12 100 0.145469
8 11 12 100 0.854531
0 12 12 100 0.000103272
7 12 12 100 0.142857
9 12 12 100 0.569317
10 12 12 100 0.144866
12 12 12 100 0.142857
6 13 12 100 5.32111e-05
7 13 12 100 0.166667
10 13 12 100 0.666613
11 13 12 100 0.166667
0 14 12 100 0.000136382
8 14 12 100 0.333333
11 14 12 100 0.666136
12 14 12 100 0.00039377
9 15 12 100 0.166667
10 15 12 100 0.333334
12 15 12 100 0.5
11 16 12 100 1
11 17 12 100 1
11 18 12 100 0.500001
12 18 12 100 0.499999
0 19 12 100 0.173756
12 19 12 100 0.826244
0 20 12 100 0.00816191
12 20 12 100 0.991838
1 1 13 100 0.75
2 1 13 100 0.25
2 2 13 100 0.64693
3 2 13 100 0.278424
6 2 13 100 0.074646
0 3 13 100 0.0169951
2 3 13 100 0.25
3 3 13 100 0.483005
4 3 13 100 0.25
2 4 13 100 0.125
3 4 13 100 0.25
4 4 13 100 0.5
5 4 13 100 0.125
3 5 13 100 0.125
4 5 13 100 0.25
5 5 13 100 0.625
4 6 13 100 0.25
5 6 13 100 0.25
6 6 13 100 0.5
1 7 13 100 2.31879e-05
5 7 13 100 0.375
6 7 13 100 0.0984508
7 7 13 100 0.124976
8 7 13 100 0.373149
10 7 13 100 0.0078073
13 7 13 100 0.0205925
5 8 13 100 0.125
6 8 13 100 0.5
7 8 13 100 0.125
9 8 13 100 0.25
0 9 13 100 0.00114166
7 9 13 100 0.498858
8 9 13 100 0.5
7 10 13 100 0.375
9 10 13 100 0.625
4 11 13 100 0.000322518
7 11 13 100 0.00374706
8 11 13 100 0.5005
9 11 13 100 0.0010719
10 11 13 100 0.494358
0 12 13 100 0.125035
9 12 13 100 0.249967
10 12 13 100 0.499985
11 12 13 100 0.125013
0 13 13 100 3.63729e-05
6 13 13 100 0.125
8 13 13 100 0.125
10 13 13 100 0.125
11 13 13 100 0.5
12 13 13 100 0.124964
0 14 13 100 0.00890679
9 14 13 100 0.276808
10 14 13 100 0.285714
12 14 13 100 0.428571
0 15 13 100 7.3327e-06
9 15 13 100 0.285707
11 15 13 100 0.428571
12 15 13 100 0.285714
0 16 13 100 0.00104501
10 16 13 100 0.285714
12 16 13 100 0.567744
13 16 13 100 0.145497
0 17 13 100 0.0486513
4 17 13 100 1.52049e-05
10 17 13 100 0.166667
11 17 13 100 0.166667
13 17 13 100 0.617999
0 18 13 100 0.00457549
11 18 13 100 0.333333
12 18 13 100 0.333333
13 18 13 100 0.328758
12 19 13 100 1
13 20 13 100 1
1 1 14 100 1
1 2 14 100 0.285714
2 2 14 100 0.571429
3 2 14 100 0.142857
0 3 14 100 0.00116858
1 3 14 100 0.142857
3 3 14 100 0.796437
5 3 14 100 0.0595214
7 3 14 100 1.62048e-05
0 4 14 100 4.13045e-06
2 4 14 100 0.571429
4 4 14 100 0.285714
5 4 14 100 0.142853
2 5 14 100 0.285714
3 5 14 100 0.142857
4 5 14 100 0.142857
5 5 14 100 0.428571
0 6 14 100 0.000126274
2 6 14 100 0.132248
3 6 14 100 0.142857
4 6 14 100 0.15384
5 6 14 100 0.142857
6 6 14 100 0.428071
3 7 14 100 0.142857
4 7 14 100 0.146408
5 7 14 100 0.281727
6 7 14 100 0.429007
0 8 14 100 0.142804
4 8 14 100 0.285714
7 8 14 100 0.571429
11 8 14 100 5.3327e-05
5 9 14 100 0.285714
6 9 14 100 0.285714
7 9 14 100 7.24524e-05
8 9 14 100 0.428499
0 10 14 100 1.64104e-05
4 10 14 100 2.76922e-06
5 10 14 100 0.142857
7 10 14 100 0.428552
9 10 14 100 0.428571
0 11 14 100 0.0432222
1 11 14 100 0.000367598
5 11 14 100 0.142857
7 11 14 100 0.285714
9 11 14 100 0.142857
10 11 14 100 0.283323
13 11 14 100 0.0184099
14 11 14 100 0.0832491
5 12 14 100 0.000101109
6 12 14 100 0.285714
8 12 14 100 0.285714
10 12 14 100 0.42847
0 13 14 100 0.142788
7 13 14 100 0.142857
8 13 14 100 0.142857
9 13 14 100 0.428571
11 13 14 100 0.142857
12 13 14 100 6.87304e-05
8 14 14 100 0.142857
9 14 14 100 0.142857
10 14 14 100 0.571429
12 14 14 100 0.142857
0 15 14 100 7.31084e-05
9 15 14 100 0.285644
11 15 14 100 0.571429
13 15 14 100 0.142846
14 15 14 100 8.05559e-06
8 16 14 100 0.142857
10 16 14 100 0.428572
12 16 14 100 0.285714
14 16 14 100 0.142857
0 17 14 100 0.166758
9 17 14 100 0.333333
11 17 14 100 0.166579
13 17 14 100 0.33332
14 17 14 100 9.2126e-06
10 18 14 100 0.333328
11 18 14 100 0.333294
12 18 14 100 4.46573e-05
13 18 14 100 0.166667
14 18 14 100 0.166666
0 19 14 100 0.199999
8 19 14 100 0.0100616
12 19 14 100 0.6
13 19 14 100 0.189939
11 20 14 100 0.400001
13 20 14 100 0.399993
14 20 14 100 0.200006
0 21 14 100 0.00018023
11 21 14 100 0.25
12 21 14 100 0.25
13 21 14 100 0.249065
14 21 14 100 0.250755
12 22 14 100 0.666667
14 22 14 100 0.333333
13 23 14 100 0.99047
14 23 14 100 0.00953039
0 24 14 100 0.000563281
14 24 14 100 0.999437
1 1 15 100 1
2 2 15 100 1
3 3 15 100 0.747024
4 3 15 100 0.252951
6 3 15 100 2.5006e-05
4 4 15 100 0.5
5 4 15 100 0.486228
9 4 15 100 0.0137718
0 5 15 100 0.00504517
4 5 15 100 0.244174
5 5 15 100 0.500781
7 5 15 100 0.246708
8 5 15 100 0.00328967
12 5 15 100 2.54266e-06
0 6 15 100 0.000181418
5 6 15 100 0.565491
6 6 15 100 0.124718
9 6 15 100 0.184328
13 6 15 100 0.125282
5 7 15 100 0.51445
6 7 15 100 0.25
9 7 15 100 0.23555
0 8 15 100 0.000174747
6 8 15 100 0.5
7 8 15 100 0.249825
10 8 15 100 0.25
3 9 15 100 0.250097
7 9 15 100 0.499903
10 9 15 100 0.249909
11 9 15 100 5.42566e-05
12 9 15 100 3.66158e-05
3 10 15 100 0.499904
7 10 15 100 0.250096
11 10 15 100 0.249978
12 10 15 100 2.16767e-05
4 11 15 100 0.25
8 11 15 100 0.498139
12 11 15 100 0.249999
13 11 15 100 0.0018621
7 12 15 100 0.25
8 12 15 100 0.249623
9 12 15 100 0.25
11 12 15 100 0.000376579
13 12 15 100 0.25
7 13 15 100 0.25
9 13 15 100 0.5
14 13 15 100 0.25
0 14 15 100 0.000234502
8 14 15 100 0.25
10 14 15 100 0.25
11 14 15 100 0.25
14 14 15 100 0.249088
15 14 15 100 0.000677067
9 15 15 100 0.25
11 15 15 100 0.25
12 15 15 100 0.19448
13 15 15 100 0.0555204
15 15 15 100 0.25
0 16 15 100 5.61669e-06
10 16 15 100 0.333333
11 16 15 100 0.333333
14 16 15 100 0.333314
15 16 15 100 1.41912e-05
6 17 15 100 0.165228
11 17 15 100 0.494732
13 17 15 100 0.00670606
15 17 15 100 0.333334
12 18 15 100 1
6 19 15 100 0.250555
13 19 15 100 0.749445
0 20 15 100 6.77749e-06
14 20 15 100 0.999979
15 20 15 100 1.36993e-05
15 21 15 100 1
1 1 16 100 0.5
2 1 16 100 0.5
2 2 16 100 0.5
3 2 16 100 0.5
3 3 16 100 1
4 4 16 100 0.5
9 4 16 100 0.5
4 5 16 100 0.5
5 5 16 100 0.5
4 6 16 100 0.5
6 6 16 100 0.5
5 7 16 100 0.5
7 7 16 100 0.5
6 8 16 100 0.5
8 8 16 100 0.5
6 9 16 100 0.5
9 9 16 100 0.5
7 10 16 100 0.5
10 10 16 100 0.5
8 11 16 100 0.5
11 11 16 100 0.5
8 12 16 100 0.5
11 12 16 100 0.5
9 13 16 100 0.5
12 13 16 100 0.5
4 14 16 100 1.51654e-05
12 14 16 100 0.999985
10 15 16 100 0.5
13 15 16 100 0.5
0 16 16 100 1.11647e-05
11 16 16 100 0.5
14 16 16 100 0.499961
15 16 16 100 2.82089e-05
12 17 16 100 0.500001
15 17 16 100 0.499999
12 18 16 100 1
8 19 16 100 9.35506e-05
12 19 16 100 0.000596489
14 19 16 100 0.99931
13 20 16 100 1
14 21 16 100 1
0 22 16 100 3.06806e-05
15 22 16 100 0.999913
16 22 16 100 5.63767e-05
16 23 16 100 1
1 1 17 100 0.5
2 1 17 100 0.5
2 2 17 100 0.5
3 2 17 100 0.5
3 3 17 100 0.495621
4 3 17 100 0.504307
6 3 17 100 7.20819e-05
4 4 17 100 0.5
5 4 17 100 0.5
5 5 17 100 0.75
7 5 17 100 0.245199
8 5 17 100 0.00480134
6 6 17 100 0.75
8 6 17 100 0.00331376
9 6 17 100 0.246686
7 7 17 100 0.5
12 7 17 100 0.5
0 8 17 100 6.26142e-06
7 8 17 100 0.25
8 8 17 100 0.499976
10 8 17 100 0.25
16 8 17 100 3.0464e-06
17 8 17 100 1.40609e-05
7 9 17 100 0.249818
8 9 17 100 0.000181539
9 9 17 100 0.5
10 9 17 100 0.249807
11 9 17 100 0.000193281
8 10 17 100 0.249999
10 10 17 100 0.500001
11 10 17 100 0.25
6 11 17 100 0.00049801
9 11 17 100 0.249502
11 11 17 100 0.5
12 11 17 100 0.25
10 12 17 100 0.5
11 12 17 100 0.25
13 12 17 100 0.25
12 13 17 100 0.5
14 13 17 100 0.25
17 13 17 100 0.25
13 14 17 100 0.25
14 14 17 100 0.75
13 15 17 100 0.250335
14 15 17 100 0.249665
15 15 17 100 0.5
13 16 17 100 0.5
15 16 17 100 0.5
0 17 17 100 5.63025e-06
11 17 17 100 0.5
14 17 17 100 0.25
16 17 17 100 0.249981
17 17 17 100 1.33887e-05
0 18 17 100 6.27956e-06
3 18 17 100 0.5
16 18 17 100 0.24998
17 18 17 100 0.250014
3 19 17 100 0.333334
16 19 17 100 0.333333
17 19 17 100 0.333333
16 20 17 100 1
1 1 20 100 1
2 2 20 100 1
11 3 20 100 0.010002
12 3 20 100 0.0177151
14 3 20 100 0.972283
3 4 20 100 1
5 5 20 100 1
8 6 20 100 1
4 7 20 100 1
6 8 20 100 1
6 9 20 100 1
7 10 20 100 1
8 11 20 100 1
9 12 20 100 1
10 13 20 100 1
11 14 20 100 0.976437
12 14 20 100 0.0165916
14 14 20 100 0.00697138
13 15 20 100 1
15 16 20 100 0.989334
16 16 20 100 0.0106662
16 17 20 100 0.969248
18 17 20 100 0.0307516
17 18 20 100 1
18 19 20 100 1
0 20 20 100 2.55189e-05
19 20 20 100 0.999923
20 20 20 100 5.15811e-05
20 21 20 100 1
1 1 21 100 0.0189016
2 1 21 100 0.981098
1 2 21 100 0.113912
2 2 21 100 0.597206
3 2 21 100 0.00204446
21 2 21 100 0.286838
0 3 21 100 0.201608
1 3 21 100 0.152441
2 3 21 100 0.177995
4 3 21 100 0.467956
3 4 21 100 1
4 5 21 100 0.666667
5 5 21 100 0.333333
0 6 21 100 0.0185946
4 6 21 100 0.314831
6 6 21 100 0.333334
16 6 21 100 0.00075783
21 6 21 100 0.332483
5 7 21 100 0.666667
7 7 21 100 0.333333
6 8 21 100 0.333333
7 8 21 100 0.666667
7 9 21 100 0.333333
8 9 21 100 0.333333
9 9 21 100 0.333333
10 10 21 100 0.666667
12 10 21 100 9.3055e-05
16 10 21 100 0.00353153
19 10 21 100 0.329709
6 11 21 100 0.333333
8 11 21 100 0.666667
7 12 21 100 0.333333
9 12 21 100 0.666667
10 13 21 100 0.667013
21 13 21 100 0.332987
11 14 21 100 1
0 15 21 100 3.63137e-06
3 15 21 100 0.00122469
10 15 21 100 0.333333
11 15 21 100 0.333333
13 15 21 100 0.134445
14 15 21 100 0.19766
11 16 21 100 0.666667
15 16 21 100 0.33084
17 16 21 100 0.00249361
12 17 21 100 0.666068
16 17 21 100 1.01754e-05
17 17 21 100 0.333333
19 17 21 100 0.000588778
13 18 21 100 0.666667
18 18 21 100 0.333333
13 19 21 100 0.666667
19 19 21 100 0.333333
0 20 21 100 5.62897e-05
14 20 21 100 0.666667
19 20 21 100 0.332745
20 20 21 100 0.000531866
15 21 21 100 0.664558
18 21 21 100 0.00210939
20 21 21 100 0.333333
16 22 21 100 0.995903
19 22 21 100 0.00409683
17 23 21 100 1
15 24 21 100 0.00297906
18 24 21 100 0.997021
19 25 21 100 1
0 26 21 100 0.00046569
19 26 21 100 0.499473
20 26 21 100 0.500062
20 27 21 100 1
11 1 22 100 1
2 2 22 100 1
3 3 22 100 0.844093
4 3 22 100 0.155907
5 4 22 100 1
6 5 22 100 1
7 6 22 100 1
8 7 22 100 1
9 8 22 100 1
10 9 22 100 1
11 10 22 100 1
0 11 22 100 0.0175206
1 11 22 100 0.00952486
22 11 22 100 0.972955
12 12 22 100 1
13 13 22 100 1
14 14 22 100 1
15 15 22 100 1
16 16 22 100 1
17 17 22 100 1
18 18 22 100 1
19 19 22 100 1
20 20 22 100 1
10 21 22 100 1
21 22 22 100 1
1 1 24 100 1
2 2 24 100 1
3 3 24 100 1
1 4 24 100 1
3 5 24 100 1
4 6 24 100 1
5 7 24 100 1
5 8 24 100 1
6 9 24 100 1
7 10 24 100 1
8 11 24 100 1
8 12 24 100 1
9 13 24 100 1
2 14 24 100 0.0277477
9 14 24 100 0.972252
10 15 24 100 1
10 16 24 100 1
11 17 24 100 1
12 18 24 100 1
13 19 24 100 1
14 20 24 100 1
15 21 24 100 1
16 22 24 100 1
17 23 24 100 1
19 24 24 100 1
21 25 24 100 1
20 26 24 100 1
20 27 24 100 0.381923
21 27 24 100 0.618077
22 28 24 100 1
0 29 24 100 2.38914e-05
23 29 24 100 0.999943
24 29 24 100 3.33044e-05
24 30 24 100 1
4 1 27 100 1
3 2 27 100 1
4 3 27 100 1
0 4 27 100 0.0122061
1 4 27 100 0.0541741
2 4 27 100 0.498005
3 4 27 100 0.000851496
9 4 27 100 0.00306565
27 4 27 100 0.431698
2 5 27 100 0.5
5 5 27 100 0.5
0 6 27 100 0.000909087
5 6 27 100 0.5
13 6 27 100 0.186257
20 6 27 100 0.000133487
24 6 27 100 0.287265
27 6 27 100 0.0254362
6 7 27 100 1
7 8 27 100 1
9 9 27 100 0.997937
27 9 27 100 0.00206267
7 10 27 100 0.5
8 10 27 100 0.5
8 11 27 100 0.5
9 11 27 100 0.5
10 12 27 100 1
10 13 27 100 0.5
11 13 27 100 0.5
12 14 27 100 0.505284
14 14 27 100 0.494716
11 15 27 100 1
12 16 27 100 0.5
13 16 27 100 0.5
13 17 27 100 0.5
15 17 27 100 0.5
1 18 27 100 0.0717241
13 18 27 100 0.241995
16 18 27 100 0.5
24 18 27 100 0.186257
27 18 27 100 2.336e-05
1 19 27 100 0.000705219
12 19 27 100 0.0266582
14 19 27 100 0.5
16 19 27 100 0.472636
14 20 27 100 0.5
25 20 27 100 0.5
12 21 27 100 5.10124e-06
16 21 27 100 0.999995
17 22 27 100 1
18 23 27 100 1
1 24 27 100 0.00321861
2 24 27 100 0.00147267
16 24 27 100 1.02549e-05
18 24 27 100 0.472881
19 24 27 100 0.5
27 24 27 100 0.0224174
19 25 27 100 1
18 26 27 100 0.499998
21 26 27 100 0.500002
19 27 27 100 0.5
22 27 27 100 0.5
0 28 27 100 8.38572e-05
23 28 27 100 0.999916
20 29 27 100 0.5
24 29 27 100 0.5
20 30 27 100 1
0 31 27 100 0.000573049
12 31 27 100 2.06311e-05
21 31 27 100 0.5
26 31 27 100 0.499406
22 32 27 100 1
25 33 27 100 1
25 34 27 100 1
25 35 27 100 1
26 36 27 100 1
2 1 28 100 1
1 2 28 100 1
0 3 28 100 0.000481366
8 3 28 100 0.999519
2 4 28 100 1
0 5 28 100 0.000262453
3 5 28 100 0.999738
4 6 28 100 1
5 7 28 100 1
0 8 28 100 7.06555e-05
5 8 28 100 0.999929
6 9 28 100 1
7 10 28 100 1
8 11 28 100 1
9 12 28 100 1
7 13 28 100 1
0 14 28 100 0.0002257
8 14 28 100 0.999774
9 15 28 100 1
10 16 28 100 1
11 17 28 100 1
12 18 28 100 1
13 19 28 100 1
14 20 28 100 1
16 21 28 100 1
17 22 28 100 1
0 23 28 100 1
18 24 28 100 1
0 25 28 100 0.0169192
28 25 28 100 0.983081
19 26 28 100 1
15 27 28 100 1
20 28 28 100 1
21 29 28 100 1
22 30 28 100 1
23 31 28 100 1
23 32 28 100 1
24 33 28 100 1
25 34 28 100 1
26 35 28 100 1
27 36 28 100 1
1 1 29 100 1
2 2 29 100 1
0 3 29 100 0.00712858
8 3 29 100 0.992871
3 4 29 100 1
3 5 29 100 1
0 6 29 100 0.0166627
3 6 29 100 0.983337
4 7 29 100 1
5 8 29 100 1
7 9 29 100 1
0 10 29 100 0.000122466
8 10 29 100 0.999878
8 11 29 100 1
13 12 29 100 0.0521033
15 12 29 100 0.947897
6 13 29 100 1
9 14 29 100 1
11 15 29 100 1
12 16 29 100 1
0 17 29 100 0.0064581
13 17 29 100 0.993542
12 18 29 100 1
13 19 29 100 0.829703
15 19 29 100 0.170297
13 20 29 100 1
14 21 29 100 1
15 22 29 100 1
16 23 29 100 1
0 24 29 100 0.990378
8 24 29 100 1.23942e-05
13 24 29 100 0.00960912
17 25 29 100 1
18 26 29 100 1
19 27 29 100 1
20 28 29 100 1
21 29 29 100 1
10 30 29 100 1
22 31 29 100 1
23 32 29 100 1
24 33 29 100 1
25 34 29 100 1
26 35 29 100 1
27 36 29 100 1
0 37 29 100 1.88699e-05
28 37 29 100 0.999939
29 37 29 100 4.19978e-05
29 38 29 100 1
2 1 30 100 1
3 2 30 100 1
8 3 30 100 0.999945
30 3 30 100 5.5463e-05
4 4 30 100 1
5 5 30 100 1
6 6 30 100 1
7 7 30 100 1
9 8 30 100 1
9 9 30 100 1
10 10 30 100 1
11 11 30 100 1
27 12 30 100 1
12 13 30 100 0.999968
30 13 30 100 3.24694e-05
12 14 30 100 1
15 15 30 100 0.994772
30 15 30 100 0.00522805
13 16 30 100 1
16 17 30 100 1
17 18 30 100 1
22 19 30 100 1
23 20 30 100 1
14 21 30 100 1
19 22 30 100 1
20 23 30 100 1
20 24 30 100 1
21 25 30 100 1
22 26 30 100 1
23 27 30 100 1
24 28 30 100 1
1 29 30 100 0.0488471
5 29 30 100 0.615499
17 29 30 100 0.334053
30 29 30 100 0.00160141
25 30 30 100 1
26 31 30 100 1
28 32 30 100 1
28 33 30 100 1
28 34 30 100 1
29 35 30 100 1
3 1 33 100 1
5 2 33 100 1
2 3 33 100 1
6 4 33 100 1
6 5 33 100 1
7 6 33 100 1
9 7 33 100 1
10 8 33 100 1
11 9 33 100 1
1 10 33 100 0.106431
4 10 33 100 0.893569
12 11 33 100 1
13 12 33 100 1
14 13 33 100 1
31 14 33 100 1
15 15 33 100 0.995823
22 15 33 100 0.00417727
23 16 33 100 1
24 17 33 100 1
8 18 33 100 0.878633
16 18 33 100 0.121316
19 18 33 100 5.10346e-05
17 19 33 100 1
0 20 33 100 0.999293
31 20 33 100 0.00070695
18 21 33 100 1
8 22 33 100 2.84442e-05
16 22 33 100 5.88848e-05
19 22 33 100 0.999913
20 23 33 100 1
0 24 33 100 0.996004
31 24 33 100 0.00392893
33 24 33 100 6.68801e-05
29 25 33 100 1
29 26 33 100 1
30 27 33 100 1
31 28 33 100 1
15 29 33 100 0.00379768
22 29 33 100 0.996202
23 30 33 100 1
24 31 33 100 1
25 32 33 100 1
26 33 33 100 1
0 34 33 100 0.991438
26 34 33 100 1.55753e-05
31 34 33 100 0.00841325
33 34 33 100 0.000133603
27 35 33 100 1
28 36 33 100 1
29 37 33 100 1
30 38 33 100 0.000127001
33 38 33 100 0.999873
30 39 33 100 1
15 40 33 100 0.000410416
22 40 33 100 0.99959
14 41 33 100 0.374774
25 41 33 100 0.000450344
30 41 33 100 0.624601
33 41 33 100 0.000174226
14 42 33 100 0.625217
30 42 33 100 0.374783
0 43 33 100 0.00957056
31 43 33 100 0.986419
32 43 33 100 0.00401087
32 44 33 100 1
