1 1 5 100 1
0 2 5 100 0.000316906
1 2 5 100 0.99953
3 2 5 100 0.000153242
2 3 5 100 0.995882
4 3 5 100 0.00411793
2 4 5 100 0.8
3 4 5 100 0.2
3 5 5 100 0.800001
4 5 5 100 0.199994
5 5 5 100 5.41441e-06
0 6 5 100 6.44492e-06
3 6 5 100 0.4
4 6 5 100 0.2
5 6 5 100 0.399994
0 7 5 100 0.005966
4 7 5 100 0.744034
5 7 5 100 0.25
2 8 5 100 0.333333
3 8 5 100 0.333333
5 8 5 100 0.333333
0 9 5 100 0.000760283
4 9 5 100 0.996597
5 9 5 100 0.00264324
5 10 5 100 1
1 1 6 100 0.750647
2 1 6 100 0.249353
2 2 6 100 1
0 3 6 100 4.60235e-05
3 3 6 100 0.749954
4 3 6 100 0.25
3 4 6 100 0.75
4 4 6 100 0.25
3 5 6 100 0.25
4 5 6 100 0.75
0 6 6 100 0.000113667
5 6 6 100 0.999873
6 6 6 100 1.35289e-05
4 7 6 100 0.25
5 7 6 100 0.25
6 7 6 100 0.5
5 8 6 100 1
0 9 6 100 0.000218026
5 9 6 100 0.499024
6 9 6 100 0.500758
6 10 6 100 1
1 1 7 100 1
2 2 7 100 1
3 3 7 100 0.750115
4 3 7 100 0.249885
0 4 7 100 7.25494e-06
3 4 7 100 0.374993
4 4 7 100 0.625
0 5 7 100 2.89286e-05
4 5 7 100 0.624527
5 5 7 100 0.375444
3 6 7 100 0.25
5 6 7 100 0.75
4 7 7 100 0.125
5 7 7 100 0.625001
6 7 7 100 0.249992
7 7 7 100 6.77319e-06
3 8 7 100 0.375001
6 8 7 100 0.374992
7 8 7 100 0.250007
4 9 7 100 0.166667
6 9 7 100 0.166661
7 9 7 100 0.666672
5 10 7 100 0.5
7 10 7 100 0.5
0 11 7 100 9.8594e-05
6 11 7 100 0.999621
7 11 7 100 0.000280466
7 12 7 100 1
1 1 8 100 1
0 2 8 100 1.07968e-05
1 2 8 100 0.0982764
2 2 8 100 0.818121
4 2 8 100 7.35209e-06
7 2 8 100 0.0835842
0 3 8 100 0.000169665
1 3 8 100 0.181818
2 3 8 100 0.0904604
3 3 8 100 0.63622
4 3 8 100 0.0913315
0 4 8 100 9.25652e-05
2 4 8 100 0.363654
3 4 8 100 0.0908894
4 4 8 100 0.545364
0 5 8 100 9.99673e-06
3 5 8 100 0.454545
4 5 8 100 0.181808
5 5 8 100 0.315482
6 5 8 100 0.0481542
0 6 8 100 1.46408e-05
4 6 8 100 0.181818
5 6 8 100 0.736306
6 6 8 100 0.0818615
0 7 8 100 0.0909091
4 7 8 100 0.0909092
5 7 8 100 0.0296595
6 7 8 100 0.78571
7 7 8 100 0.00281204
4 8 8 100 0.0909091
5 8 8 100 0.181818
6 8 8 100 0.185136
7 8 8 100 0.542135
8 8 8 100 2.21713e-06
0 9 8 100 9.3752e-05
3 9 8 100 2.44007e-06
5 9 8 100 0.0909092
6 9 8 100 0.363634
7 9 8 100 0.363214
8 9 8 100 0.182147
5 10 8 100 0.222222
6 10 8 100 0.111111
7 10 8 100 0.333333
8 10 8 100 0.333333
0 11 8 100 0.0203564
6 11 8 100 0.333333
7 11 8 100 0.166667
8 11 8 100 0.479643
0 12 8 100 6.80968e-05
7 12 8 100 0.749993
8 12 8 100 0.249939
0 13 8 100 0.0977647
8 13 8 100 0.902235
0 14 8 100 0.00065409
8 14 8 100 0.999346
1 1 9 100 1
1 2 9 100 0.142857
2 2 9 100 0.714286
5 2 9 100 0.142857
0 3 9 100 1.96567e-05
1 3 9 100 2.45632e-05
2 3 9 100 0.142857
3 3 9 100 0.714279
5 3 9 100 0.142813
7 3 9 100 7.0421e-06
0 4 9 100 0.00195009
2 4 9 100 0.142857
3 4 9 100 0.142857
4 4 9 100 0.569478
5 4 9 100 0.142857
3 5 9 100 0.142857
4 5 9 100 0.714195
5 5 9 100 0.142948
4 6 9 100 0.142857
5 6 9 100 0.857143
0 7 9 100 0.000620664
6 7 9 100 0.999379
0 8 9 100 2.44573e-05
3 8 9 100 7.20916e-06
7 8 9 100 0.999968
5 9 9 100 0.285715
6 9 9 100 0.285715
7 9 9 100 0.142857
8 9 9 100 0.285705
9 9 9 100 7.74078e-06
0 10 9 100 4.87149e-05
6 10 9 100 0.285714
7 10 9 100 0.335094
8 10 9 100 0.093429
9 10 9 100 0.285714
7 11 9 100 0.6
8 11 9 100 0.4
0 12 9 100 0.000284486
6 12 9 100 0.199986
7 12 9 100 0.2
8 12 9 100 0.399025
9 12 9 100 0.200705
7 13 9 100 0.25
8 13 9 100 0.25
9 13 9 100 0.5
0 14 9 100 5.95023e-06
8 14 9 100 0.499981
9 14 9 100 0.500013
9 15 9 100 1
1 1 10 100 0.916667
2 1 10 100 0.0833333
0 2 10 100 1.52026e-05
1 2 10 100 0.0833333
2 2 10 100 0.907776
6 2 10 100 1.3976e-05
8 2 10 100 0.00886192
0 3 10 100 0.00353584
2 3 10 100 0.416645
3 3 10 100 0.424621
4 3 10 100 0.0833333
5 3 10 100 0.0716654
7 3 10 100 0.00019974
1 4 10 100 2.7008e-06
2 4 10 100 0.0833333
3 4 10 100 0.583333
4 4 10 100 0.333236
10 4 10 100 9.42234e-05
3 5 10 100 0.333333
4 5 10 100 0.416667
5 5 10 100 0.249923
9 5 10 100 7.74806e-05
3 6 10 100 0.0833333
4 6 10 100 0.583334
5 6 10 100 0.166666
6 6 10 100 0.166667
0 7 10 100 8.80549e-07
3 7 10 100 0.0833333
4 7 10 100 0.472687
5 7 10 100 0.193979
6 7 10 100 0.0833333
7 7 10 100 0.0833333
8 7 10 100 0.0833333
2 8 10 100 0.0447149
4 8 10 100 0.0833333
5 8 10 100 0.583333
6 8 10 100 0.284421
8 8 10 100 0.00419793
0 9 10 100 0.00532989
5 9 10 100 0.24472
6 9 10 100 0.250037
7 9 10 100 0.333247
8 9 10 100 0.166666
0 10 10 100 0.00887065
2 10 10 100 1.4579e-06
3 10 10 100 1.72035e-06
6 10 10 100 0.25
7 10 10 100 0.0744756
8 10 10 100 0.583025
9 10 10 100 0.0836258
0 11 10 100 0.090909
6 11 10 100 0.727266
7 11 10 100 0.0909092
9 11 10 100 0.0909136
10 11 10 100 2.07696e-06
1 12 10 100 0.000273276
7 12 10 100 0.812808
8 12 10 100 0.0960097
10 12 10 100 0.0909091
0 13 10 100 2.85818e-06
7 13 10 100 0.1
8 13 10 100 0.474863
9 13 10 100 0.425127
10 13 10 100 6.88053e-06
0 14 10 100 2.22052e-06
7 14 10 100 0.2
8 14 10 100 0.2
9 14 10 100 0.299993
10 14 10 100 0.300005
7 15 10 100 0.142857
8 15 10 100 0.285714
9 15 10 100 0.142857
10 15 10 100 0.428571
0 16 10 100 0.000189593
8 16 10 100 0.5
9 16 10 100 0.499073
10 16 10 100 0.000736931
6 17 10 100 0.25
8 17 10 100 0.25
10 17 10 100 0.5
0 18 10 100 6.2065e-06
9 18 10 100 0.999983
10 18 10 100 1.07912e-05
0 19 10 100 0.188745
10 19 10 100 0.811255
0 20 10 100 0.000841859
10 20 10 100 0.999158
1 1 11 100 1
0 2 11 100 0.00676678
1 2 11 100 0.111111
2 2 11 100 0.797993
3 2 11 100 0.0421077
7 2 11 100 0.000227413
8 2 11 100 0.0345285
9 2 11 100 0.00726536
0 3 11 100 0.00675321
2 3 11 100 0.730968
3 3 11 100 0.114974
8 3 11 100 0.0365246
10 3 11 100 0.11078
3 4 11 100 0.666667
4 4 11 100 0.333333
0 5 11 100 4.84473e-06
3 5 11 100 0.121776
4 5 11 100 0.544886
5 5 11 100 0.333334
0 6 11 100 0.00418268
3 6 11 100 0.111111
4 6 11 100 0.203807
5 6 11 100 0.666421
7 6 11 100 0.000245185
10 6 11 100 0.0142328
0 7 11 100 1.6664e-05
2 7 11 100 0.111076
3 7 11 100 0.00831548
4 7 11 100 0.214369
5 7 11 100 0.1111
6 7 11 100 0.444011
8 7 11 100 0.111111
6 8 11 100 0.667034
7 8 11 100 0.332966
5 9 11 100 0.111111
6 9 11 100 0.333333
7 9 11 100 0.555555
2 10 11 100 0.0722227
7 10 11 100 0.333333
8 10 11 100 0.594444
2 11 11 100 0.000717302
5 11 11 100 0.111111
8 11 11 100 0.66595
9 11 11 100 0.222222
0 12 11 100 0.00108859
7 12 11 100 1.98425e-05
9 12 11 100 0.8878
10 12 11 100 0.111091
8 13 11 100 0.444445
10 13 11 100 0.555553
11 13 11 100 1.85652e-06
8 14 11 100 0.333333
9 14 11 100 0.111111
10 14 11 100 0.111111
11 14 11 100 0.444444
6 15 11 100 0.2
9 15 11 100 0.594346
10 15 11 100 0.00565361
11 15 11 100 0.2
0 16 11 100 8.98253e-05
4 16 11 100 0.0319675
7 16 11 100 0.25
10 16 11 100 0.467943
11 16 11 100 0.25
0 17 11 100 0.000562753
9 17 11 100 0.333333
10 17 11 100 0.665068
11 17 11 100 0.00103579
10 18 11 100 0.666667
11 18 11 100 0.333334
10 19 11 100 0.5
11 19 11 100 0.5
11 20 11 100 1
1 1 12 100 0.682549
2 1 12 100 0.218587
4 1 12 100 0.0988641
1 2 12 100 8.87905e-05
2 2 12 100 0.422723
3 2 12 100 0.577188
0 3 12 100 1.21615e-05
2 3 12 100 0.241721
3 3 12 100 0.285467
4 3 12 100 0.472565
5 3 12 100 8.73568e-06
7 3 12 100 0.000226736
3 4 12 100 0.285714
4 4 12 100 0.285714
5 4 12 100 0.428571
5 5 12 100 0.571428
6 5 12 100 0.285714
10 5 12 100 0.142857
0 6 12 100 0.142861
5 6 12 100 0.0268096
6 6 12 100 0.401568
7 6 12 100 0.285714
11 6 12 100 0.142857
12 6 12 100 0.000190181
6 7 12 100 0.428571
7 7 12 100 0.571429
0 8 12 100 7.53198e-05
3 8 12 100 0.000208747
5 8 12 100 2.23697e-06
6 8 12 100 0.142857
7 8 12 100 0.142582
8 8 12 100 0.714274
0 9 12 100 9.05607e-05
8 9 12 100 0.163536
9 9 12 100 0.693388
10 9 12 100 0.142985
0 10 12 100 0.000425322
5 10 12 100 0.142857
7 10 12 100 0.428571
8 10 12 100 0.285714
9 10 12 100 0.140169
10 10 12 100 0.00226284
6 11 12 100 0.14546
8 11 12 100 0.85454
0 12 12 100 9.86957e-05
7 12 12 100 0.142857
9 12 12 100 0.570625
10 12 12 100 0.143562
12 12 12 100 0.142857
6 13 12 100 0.000142933
7 13 12 100 0.166667
10 13 12 100 0.666524
11 13 12 100 0.166667
0 14 12 100 0.000157049
8 14 12 100 0.333333
11 14 12 100 0.666159
12 14 12 100 0.000351003
9 15 12 100 0.166667
10 15 12 100 0.333333
12 15 12 100 0.5
11 16 12 100 1
11 17 12 100 1
11 18 12 100 0.5
12 18 12 100 0.5
0 19 12 100 0.21987
12 19 12 100 0.78013
0 20 12 100 0.000489411
12 20 12 100 0.999511
1 1 13 100 0.75
2 1 13 100 0.25
2 2 13 100 0.610635
3 2 13 100 0.275809
6 2 13 100 0.113556
0 3 13 100 0.0164714
2 3 13 100 0.25
3 3 13 100 0.483529
4 3 13 100 0.25
2 4 13 100 0.125
3 4 13 100 0.25
4 4 13 100 0.5
5 4 13 100 0.125
3 5 13 100 0.125
4 5 13 100 0.25
5 5 13 100 0.625
4 6 13 100 0.25
5 6 13 100 0.25
6 6 13 100 0.5
1 7 13 100 3.489e-05
5 7 13 100 0.375
6 7 13 100 0.0993286
7 7 13 100 0.124965
8 7 13 100 0.372904
10 7 13 100 0.0110829
13 7 13 100 0.0166849
5 8 13 100 0.125
6 8 13 100 0.5
7 8 13 100 0.125
9 8 13 100 0.25
0 9 13 100 0.00159977
7 9 13 100 0.4984
8 9 13 100 0.5
7 10 13 100 0.375
9 10 13 100 0.625
4 11 13 100 0.000384554
7 11 13 100 0.00531932
8 11 13 100 0.500811
9 11 13 100 0.00104084
10 11 13 100 0.492445
0 12 13 100 0.125033
9 12 13 100 0.249967
10 12 13 100 0.499998
11 12 13 100 0.125002
0 13 13 100 3.71419e-06
6 13 13 100 0.125
8 13 13 100 0.125
10 13 13 100 0.125
11 13 13 100 0.5
12 13 13 100 0.124996
0 14 13 100 0.00914502
9 14 13 100 0.276569
10 14 13 100 0.285714
12 14 13 100 0.428571
0 15 13 100 1.33371e-05
9 15 13 100 0.285701
11 15 13 100 0.428571
12 15 13 100 0.285714
0 16 13 100 0.00125279
10 16 13 100 0.285714
12 16 13 100 0.567726
13 16 13 100 0.145307
0 17 13 100 0.0586033
4 17 13 100 2.02473e-05
10 17 13 100 0.166667
11 17 13 100 0.166667
13 17 13 100 0.608043
0 18 13 100 0.000261389
11 18 13 100 0.333333
12 18 13 100 0.333333
13 18 13 100 0.333072
12 19 13 100 1
13 20 13 100 1
1 1 14 100 1
1 2 14 100 0.285714
2 2 14 100 0.571429
3 2 14 100 0.142857
0 3 14 100 0.000789699
1 3 14 100 0.142857
3 3 14 100 0.792556
5 3 14 100 0.0637823
7 3 14 100 1.52701e-05
2 4 14 100 0.571429
4 4 14 100 0.285715
5 4 14 100 0.142856
2 5 14 100 0.285714
3 5 14 100 0.142857
4 5 14 100 0.142857
5 5 14 100 0.428571
0 6 14 100 0.000125204
2 6 14 100 0.132134
3 6 14 100 0.142857
4 6 14 100 0.153982
5 6 14 100 0.142857
6 6 14 100 0.428044
3 7 14 100 0.142857
4 7 14 100 0.146549
5 7 14 100 0.281542
6 7 14 100 0.429051
0 8 14 100 0.142808
4 8 14 100 0.285714
7 8 14 100 0.571429
11 8 14 100 4.86559e-05
5 9 14 100 0.285714
6 9 14 100 0.285714
7 9 14 100 7.60154e-05
8 9 14 100 0.428495
0 10 14 100 1.63131e-05
4 10 14 100 2.50618e-06
5 10 14 100 0.142857
7 10 14 100 0.428553
9 10 14 100 0.428571
0 11 14 100 0.0478003
1 11 14 100 9.47694e-05
5 11 14 100 0.142857
7 11 14 100 0.285714
9 11 14 100 0.142857
10 11 14 100 0.283328
13 11 14 100 0.0245561
14 11 14 100 0.0727922
5 12 14 100 0.000104267
6 12 14 100 0.285714
8 12 14 100 0.285714
10 12 14 100 0.428467
0 13 14 100 0.140582
7 13 14 100 0.142857
8 13 14 100 0.142857
9 13 14 100 0.428571
11 13 14 100 0.142857
12 13 14 100 0.00227474
8 14 14 100 0.142857
9 14 14 100 0.142857
10 14 14 100 0.571429
12 14 14 100 0.142857
0 15 14 100 0.000145226
9 15 14 100 0.285571
11 15 14 100 0.571429
13 15 14 100 0.142851
14 15 14 100 3.86829e-06
8 16 14 100 0.142857
10 16 14 100 0.428571
12 16 14 100 0.285714
14 16 14 100 0.142857
0 17 14 100 0.166752
9 17 14 100 0.333333
11 17 14 100 0.166584
13 17 14 100 0.333327
14 17 14 100 4.42331e-06
10 18 14 100 0.33333
11 18 14 100 0.333305
12 18 14 100 3.20209e-05
13 18 14 100 0.166667
14 18 14 100 0.166667
0 19 14 100 0.199999
8 19 14 100 0.0163258
12 19 14 100 0.6
13 19 14 100 0.183674
11 20 14 100 0.4
13 20 14 100 0.399997
14 20 14 100 0.200003
0 21 14 100 0.000210971
11 21 14 100 0.25
12 21 14 100 0.25
13 21 14 100 0.249124
14 21 14 100 0.250665
12 22 14 100 0.666667
14 22 14 100 0.333333
13 23 14 100 0.991719
14 23 14 100 0.00828051
0 24 14 100 3.90689e-05
14 24 14 100 0.999961
1 1 15 100 1
2 2 15 100 1
3 3 15 100 0.747667
4 3 15 100 0.252313
6 3 15 100 1.96841e-05
4 4 15 100 0.5
5 4 15 100 0.4343
9 4 15 100 0.0656999
0 5 15 100 0.00445121
4 5 15 100 0.244862
5 5 15 100 0.500688
7 5 15 100 0.24714
8 5 15 100 0.00285845
0 6 15 100 0.000122603
5 6 15 100 0.546428
6 6 15 100 0.124748
9 6 15 100 0.203449
13 6 15 100 0.125252
5 7 15 100 0.566114
6 7 15 100 0.25
9 7 15 100 0.183886
0 8 15 100 0.0176479
3 8 15 100 5.23193e-06
6 8 15 100 0.5
7 8 15 100 0.232347
10 8 15 100 0.25
3 9 15 100 0.251075
7 9 15 100 0.498925
10 9 15 100 0.249925
11 9 15 100 4.35163e-05
12 9 15 100 3.1975e-05
3 10 15 100 0.498921
7 10 15 100 0.251079
11 10 15 100 0.24997
12 10 15 100 2.96295e-05
4 11 15 100 0.25
8 11 15 100 0.4754
12 11 15 100 0.249999
13 11 15 100 0.0246005
7 12 15 100 0.25
8 12 15 100 0.249715
9 12 15 100 0.25
11 12 15 100 0.000284851
13 12 15 100 0.25
7 13 15 100 0.25
9 13 15 100 0.5
14 13 15 100 0.25
0 14 15 100 0.00021961
8 14 15 100 0.25
10 14 15 100 0.25
11 14 15 100 0.25
14 14 15 100 0.24929
15 14 15 100 0.000490827
9 15 15 100 0.25
11 15 15 100 0.25
12 15 15 100 0.199444
13 15 15 100 0.0505562
15 15 15 100 0.25
0 16 15 100 3.58836e-06
10 16 15 100 0.333333
11 16 15 100 0.333333
14 16 15 100 0.333323
15 16 15 100 7.01896e-06
6 17 15 100 0.253711
11 17 15 100 0.404792
13 17 15 100 0.00816201
15 17 15 100 0.333334
12 18 15 100 1
6 19 15 100 0.250496
13 19 15 100 0.749504
0 20 15 100 5.07863e-06
14 20 15 100 0.999987
15 20 15 100 7.94718e-06
15 21 15 100 1
1 1 16 100 0.5
2 1 16 100 0.5
2 2 16 100 0.5
3 2 16 100 0.5
3 3 16 100 1
4 4 16 100 0.5
9 4 16 100 0.5
4 5 16 100 0.5
5 5 16 100 0.5
4 6 16 100 0.5
6 6 16 100 0.5
5 7 16 100 0.5
7 7 16 100 0.5
6 8 16 100 0.5
8 8 16 100 0.5
6 9 16 100 0.5
9 9 16 100 0.5
7 10 16 100 0.5
10 10 16 100 0.5
8 11 16 100 0.5
11 11 16 100 0.5
8 12 16 100 0.5
11 12 16 100 0.5
9 13 16 100 0.5
12 13 16 100 0.5
4 14 16 100 6.56199e-06
12 14 16 100 0.999993
10 15 16 100 0.5
13 15 16 100 0.5
0 16 16 100 6.92537e-06
11 16 16 100 0.5
14 16 16 100 0.49998
15 16 16 100 1.35463e-05
12 17 16 100 0.5
15 17 16 100 0.5
12 18 16 100 1
8 19 16 100 1.87453e-05
12 19 16 100 0.00153313
14 19 16 100 0.998448
13 20 16 100 1
14 21 16 100 1
0 22 16 100 1.90149e-05
15 22 16 100 0.999954
16 22 16 100 2.705e-05
16 23 16 100 1
1 1 17 100 0.5
2 1 17 100 0.5
2 2 17 100 0.5
3 2 17 100 0.5
3 3 17 100 0.495615
4 3 17 100 0.504171
6 3 17 100 0.000213379
4 4 17 100 0.5
5 4 17 100 0.5
5 5 17 100 0.75
7 5 17 100 0.244847
8 5 17 100 0.00515345
6 6 17 100 0.75
8 6 17 100 0.00351257
9 6 17 100 0.246488
7 7 17 100 0.5
12 7 17 100 0.5
0 8 17 100 3.87102e-06
7 8 17 100 0.250001
8 8 17 100 0.499988
10 8 17 100 0.250001
17 8 17 100 6.72907e-06
7 9 17 100 0.249823
8 9 17 100 0.000176747
9 9 17 100 0.5
10 9 17 100 0.249821
11 9 17 100 0.000178499
8 10 17 100 0.249999
10 10 17 100 0.500001
11 10 17 100 0.250001
6 11 17 100 0.000480143
9 11 17 100 0.24952
11 11 17 100 0.5
12 11 17 100 0.25
10 12 17 100 0.5
11 12 17 100 0.25
13 12 17 100 0.25
12 13 17 100 0.5
14 13 17 100 0.25
17 13 17 100 0.25
13 14 17 100 0.25
14 14 17 100 0.75
13 15 17 100 0.250338
14 15 17 100 0.249663
15 15 17 100 0.5
13 16 17 100 0.5
15 16 17 100 0.5
0 17 17 100 3.48441e-06
11 17 17 100 0.5
14 17 17 100 0.25
16 17 17 100 0.24999
17 17 17 100 6.41471e-06
0 18 17 100 3.89531e-06
3 18 17 100 0.5
16 18 17 100 0.249989
17 18 17 100 0.250007
3 19 17 100 0.333333
16 19 17 100 0.333333
17 19 17 100 0.333333
16 20 17 100 1
1 1 20 100 1
2 2 20 100 1
11 3 20 100 0.0111794
12 3 20 100 0.0201586
14 3 20 100 0.968662
3 4 20 100 1
5 5 20 100 1
8 6 20 100 1
4 7 20 100 1
6 8 20 100 1
6 9 20 100 1
7 10 20 100 1
8 11 20 100 1
9 12 20 100 1
10 13 20 100 1
11 14 20 100 0.976365
12 14 20 100 0.0160408
14 14 20 100 0.00759472
13 15 20 100 1
15 16 20 100 0.988751
16 16 20 100 0.0112486
16 17 20 100 0.969127
18 17 20 100 0.0308727
17 18 20 100 1
18 19 20 100 1
0 20 20 100 1.57638e-05
19 20 20 100 0.99996
20 20 20 100 2.46676e-05
20 21 20 100 1
1 1 21 100 0.0192573
2 1 21 100 0.980743
1 2 21 100 0.128398
2 2 21 100 0.591371
3 2 21 100 0.002554
21 2 21 100 0.277677
0 3 21 100 0.233099
1 3 21 100 0.141359
2 3 21 100 0.189259
4 3 21 100 0.436278
21 3 21 100 4.57406e-06
3 4 21 100 1
4 5 21 100 0.666667
5 5 21 100 0.333333
0 6 21 100 0.0182465
4 6 21 100 0.31516
6 6 21 100 0.333334
16 6 21 100 0.000426252
21 6 21 100 0.332834
5 7 21 100 0.666667
7 7 21 100 0.333333
6 8 21 100 0.333333
7 8 21 100 0.666667
7 9 21 100 0.333333
8 9 21 100 0.333333
9 9 21 100 0.333333
10 10 21 100 0.666667
12 10 21 100 7.99654e-05
16 10 21 100 0.00154244
19 10 21 100 0.331711
6 11 21 100 0.333333
8 11 21 100 0.666667
7 12 21 100 0.333333
9 12 21 100 0.666667
10 13 21 100 0.666796
21 13 21 100 0.333204
11 14 21 100 1
3 15 21 100 0.00202439
10 15 21 100 0.333334
11 15 21 100 0.333334
13 15 21 100 0.124151
14 15 21 100 0.207156
11 16 21 100 0.666667
15 16 21 100 0.330997
17 16 21 100 0.00233603
12 17 21 100 0.665588
16 17 21 100 0.000116598
17 17 21 100 0.333333
19 17 21 100 0.000961946
13 18 21 100 0.666667
18 18 21 100 0.333333
13 19 21 100 0.666667
19 19 21 100 0.333333
0 20 21 100 6.39773e-05
14 20 21 100 0.666667
19 20 21 100 0.332775
20 20 21 100 0.000493885
15 21 21 100 0.66442
18 21 21 100 0.00224675
20 21 21 100 0.333333
16 22 21 100 0.998345
19 22 21 100 0.00165476
17 23 21 100 1
15 24 21 100 0.00319851
18 24 21 100 0.996801
19 25 21 100 1
0 26 21 100 0.000624815
19 26 21 100 0.499313
20 26 21 100 0.500063
20 27 21 100 1
11 1 22 100 1
2 2 22 100 1
3 3 22 100 0.816758
4 3 22 100 0.183242
5 4 22 100 1
6 5 22 100 1
7 6 22 100 1
8 7 22 100 1
9 8 22 100 1
10 9 22 100 1
11 10 22 100 1
0 11 22 100 0.023021
1 11 22 100 0.010259
22 11 22 100 0.96672
12 12 22 100 1
13 13 22 100 1
14 14 22 100 1
15 15 22 100 1
16 16 22 100 1
17 17 22 100 1
18 18 22 100 1
19 19 22 100 1
20 20 22 100 1
10 21 22 100 1
21 22 22 100 1
1 1 24 100 1
2 2 24 100 1
3 3 24 100 1
1 4 24 100 1
3 5 24 100 1
4 6 24 100 1
5 7 24 100 1
5 8 24 100 1
6 9 24 100 1
7 10 24 100 1
8 11 24 100 1
8 12 24 100 1
9 13 24 100 1
2 14 24 100 0.100276
9 14 24 100 0.899724
10 15 24 100 1
10 16 24 100 1
11 17 24 100 1
12 18 24 100 1
13 19 24 100 1
14 20 24 100 1
15 21 24 100 1
16 22 24 100 1
17 23 24 100 1
19 24 24 100 1
21 25 24 100 1
20 26 24 100 1
20 27 24 100 0.587443
21 27 24 100 0.412557
22 28 24 100 1
0 29 24 100 1.22299e-05
23 29 24 100 0.999975
24 29 24 100 1.31984e-05
24 30 24 100 1
4 1 27 100 1
3 2 27 100 1
4 3 27 100 1
0 4 27 100 0.0166568
1 4 27 100 0.0454552
2 4 27 100 0.498199
3 4 27 100 0.000860686
9 4 27 100 0.0177224
27 4 27 100 0.421106
2 5 27 100 0.5
5 5 27 100 0.5
0 6 27 100 0.000863267
5 6 27 100 0.5
13 6 27 100 0.198623
20 6 27 100 0.000104708
24 6 27 100 0.282782
27 6 27 100 0.0176278
6 7 27 100 1
7 8 27 100 1
9 9 27 100 0.997262
27 9 27 100 0.00273832
7 10 27 100 0.5
8 10 27 100 0.5
8 11 27 100 0.5
9 11 27 100 0.5
10 12 27 100 1
10 13 27 100 0.5
11 13 27 100 0.5
12 14 27 100 0.507507
14 14 27 100 0.492493
11 15 27 100 1
12 16 27 100 0.5
13 16 27 100 0.5
13 17 27 100 0.5
15 17 27 100 0.5
1 18 27 100 0.0659168
13 18 27 100 0.235437
16 18 27 100 0.500001
24 18 27 100 0.198623
27 18 27 100 2.31804e-05
1 19 27 100 0.000504152
12 19 27 100 0.0161254
14 19 27 100 0.500001
16 19 27 100 0.48337
14 20 27 100 0.5
25 20 27 100 0.5
12 21 27 100 0.000142007
16 21 27 100 0.999858
17 22 27 100 1
18 23 27 100 1
1 24 27 100 0.00147373
2 24 27 100 0.0031797
16 24 27 100 5.74278e-06
18 24 27 100 0.483737
19 24 27 100 0.5
27 24 27 100 0.0116034
19 25 27 100 1
18 26 27 100 0.499999
21 26 27 100 0.500001
19 27 27 100 0.5
22 27 27 100 0.5
0 28 27 100 9.29126e-05
23 28 27 100 0.999907
20 29 27 100 0.5
24 29 27 100 0.5
20 30 27 100 1
21 31 27 100 0.500002
26 31 27 100 0.499998
22 32 27 100 1
25 33 27 100 1
25 34 27 100 1
25 35 27 100 1
26 36 27 100 1
2 1 28 100 1
1 2 28 100 1
0 3 28 100 0.000462035
8 3 28 100 0.999538
2 4 28 100 1
0 5 28 100 0.000168778
3 5 28 100 0.999831
4 6 28 100 1
5 7 28 100 1
0 8 28 100 7.74617e-05
5 8 28 100 0.999923
6 9 28 100 1
7 10 28 100 1
8 11 28 100 1
9 12 28 100 1
7 13 28 100 1
0 14 28 100 0.000209564
8 14 28 100 0.99979
9 15 28 100 1
10 16 28 100 1
11 17 28 100 1
12 18 28 100 1
13 19 28 100 1
14 20 28 100 1
16 21 28 100 1
17 22 28 100 1
0 23 28 100 1
18 24 28 100 1
0 25 28 100 0.0230417
28 25 28 100 0.976958
19 26 28 100 1
15 27 28 100 1
20 28 28 100 1
21 29 28 100 1
22 30 28 100 1
23 31 28 100 1
23 32 28 100 1
24 33 28 100 1
25 34 28 100 1
26 35 28 100 1
27 36 28 100 1
1 1 29 100 1
2 2 29 100 1
0 3 29 100 0.00407287
8 3 29 100 0.995927
3 4 29 100 1
3 5 29 100 1
0 6 29 100 0.0114728
3 6 29 100 0.988527
4 7 29 100 1
5 8 29 100 1
7 9 29 100 1
0 10 29 100 7.34105e-05
8 10 29 100 0.999927
8 11 29 100 1
13 12 29 100 0.350908
15 12 29 100 0.649092
6 13 29 100 1
9 14 29 100 1
11 15 29 100 1
12 16 29 100 1
0 17 29 100 0.00263066
13 17 29 100 0.997369
12 18 29 100 1
13 19 29 100 0.520715
15 19 29 100 0.479285
13 20 29 100 1
14 21 29 100 1
15 22 29 100 1
16 23 29 100 1
0 24 29 100 0.990813
13 24 29 100 0.00918702
17 25 29 100 1
18 26 29 100 1
19 27 29 100 1
20 28 29 100 1
21 29 29 100 1
10 30 29 100 1
22 31 29 100 1
23 32 29 100 1
24 33 29 100 1
25 34 29 100 1
26 35 29 100 1
27 36 29 100 1
28 37 29 100 0.999989
29 37 29 100 1.10833e-05
29 38 29 100 1
2 1 30 100 1
3 2 30 100 1
8 3 30 100 0.999955
30 3 30 100 4.48948e-05
4 4 30 100 1
5 5 30 100 1
6 6 30 100 1
7 7 30 100 1
9 8 30 100 1
9 9 30 100 1
10 10 30 100 1
11 11 30 100 1
27 12 30 100 1
12 13 30 100 0.999974
30 13 30 100 2.64043e-05
12 14 30 100 1
15 15 30 100 0.986125
30 15 30 100 0.0138752
13 16 30 100 1
16 17 30 100 1
17 18 30 100 1
22 19 30 100 1
23 20 30 100 1
14 21 30 100 1
19 22 30 100 1
20 23 30 100 1
20 24 30 100 1
21 25 30 100 1
22 26 30 100 1
23 27 30 100 1
24 28 30 100 1
1 29 30 100 0.0376135
5 29 30 100 0.664594
17 29 30 100 0.297454
30 29 30 100 0.000338671
25 30 30 100 1
26 31 30 100 1
28 32 30 100 1
28 33 30 100 1
28 34 30 100 1
29 35 30 100 1
3 1 33 100 1
5 2 33 100 1
2 3 33 100 1
6 4 33 100 1
6 5 33 100 1
7 6 33 100 1
9 7 33 100 1
10 8 33 100 1
11 9 33 100 1
1 10 33 100 0.0546192
4 10 33 100 0.945381
12 11 33 100 1
13 12 33 100 1
14 13 33 100 1
31 14 33 100 1
15 15 33 100 1
23 16 33 100 1
24 17 33 100 1
8 18 33 100 0.619192
16 18 33 100 0.380797
19 18 33 100 1.11947e-05
17 19 33 100 1
0 20 33 100 0.999668
31 20 33 100 0.000331966
18 21 33 100 1
8 22 33 100 1.10198e-05
16 22 33 100 5.80496e-05
19 22 33 100 0.999931
20 23 33 100 1
0 24 33 100 0.939028
31 24 33 100 0.0605875
33 24 33 100 0.000384328
29 25 33 100 1
29 26 33 100 1
30 27 33 100 1
31 28 33 100 1
22 29 33 100 1
23 30 33 100 1
24 31 33 100 1
25 32 33 100 1
26 33 33 100 1
0 34 33 100 0.99273
31 34 33 100 0.00650139
33 34 33 100 0.000768528
27 35 33 100 1
28 36 33 100 1
29 37 33 100 1
33 38 33 100 1
30 39 33 100 1
22 40 33 100 1
8 41 33 100 0.380622
14 41 33 100 0.107594
16 41 33 100 0.511726
19 41 33 100 5.80435e-05
30 42 33 100 1
0 43 33 100 0.00532353
31 43 33 100 0.991151
32 43 33 100 0.00352518
32 44 33 100 1
