5 0 100 6 1
1 1 100 6 0.500174
2 1 100 6 0.499826
3 2 100 6 1
2 3 100 6 0.000696859
4 3 100 6 0.999303
5 4 100 6 1
5 5 100 6 5.63764e-05
6 5 100 6 0.999944
6 0 100 7 1
1 1 100 7 0.667045
2 1 100 7 0.332955
1 2 100 7 0.199455
2 2 100 7 0.400273
3 2 100 7 0.200136
4 2 100 7 0.200136
3 3 100 7 0.333333
4 3 100 7 0.333333
5 3 100 7 0.333333
3 4 100 7 0.2
4 4 100 7 0.2
5 4 100 7 0.4
6 4 100 7 0.2
6 5 100 7 0.666653
7 5 100 7 0.333347
6 6 100 7 5.63196e-05
7 6 100 7 0.999944
2 0 100 8 0.982939
6 0 100 8 0.0170608
1 1 100 8 0.666837
2 1 100 8 0.333163
2 2 100 8 0.286077
3 2 100 8 0.284809
4 2 100 8 0.286077
8 2 100 8 0.143038
3 3 100 8 0.4
5 3 100 8 0.4
6 3 100 8 0.2
3 4 100 8 0.00176987
4 4 100 8 0.399292
5 4 100 8 0.199646
7 4 100 8 0.399292
5 5 100 8 0.200001
6 5 100 8 0.599998
8 5 100 8 0.200001
7 6 100 8 1
7 7 100 8 5.64156e-05
8 7 100 8 0.999944
4 0 100 9 0.964366
8 0 100 9 0.0356342
1 1 100 9 1
2 2 100 9 1
2 3 100 9 9.14084e-07
3 3 100 9 0.545452
4 3 100 9 0.272726
6 3 100 9 0.0909105
8 3 100 9 0.0909104
2 4 100 9 8.91832e-06
3 4 100 9 0.111128
4 4 100 9 0.444401
5 4 100 9 0.444462
5 5 100 9 0.21266
6 5 100 9 0.36202
7 5 100 9 0.354433
8 5 100 9 0.0708867
6 6 100 9 0.124144
7 6 100 9 0.278044
8 6 100 9 0.458791
9 6 100 9 0.139022
8 7 100 9 0.29822
9 7 100 9 0.70178
8 8 100 9 2.51838e-05
9 8 100 9 0.999975
3 0 100 10 0.00768667
5 0 100 10 0.0152837
6 0 100 10 0.0340104
7 0 100 10 0.842309
9 0 100 10 0.0889884
10 0 100 10 0.0117219
1 1 100 10 0.888871
2 1 100 10 0.111109
4 1 100 10 1.98417e-05
1 2 100 10 0.0834372
2 2 100 10 0.584061
3 2 100 10 0.249065
4 2 100 10 0.0834372
3 3 100 10 0.358871
4 3 100 10 0.284941
5 3 100 10 0.142475
6 3 100 10 0.0712375
8 3 100 10 0.142475
3 4 100 10 0.0817808
4 4 100 10 0.33468
5 4 100 10 0.334429
7 4 100 10 0.165733
9 4 100 10 0.0833769
2 5 100 10 0.0666497
5 5 100 10 0.200216
6 5 100 10 0.466494
7 5 100 10 0.0666497
8 5 100 10 0.0666497
9 5 100 10 0.0666906
10 5 100 10 0.0666496
6 6 100 10 0.100426
7 6 100 10 0.497668
8 6 100 10 0.200853
9 6 100 10 0.100628
10 6 100 10 0.100426
7 7 100 10 0.115541
8 7 100 10 0.442497
9 7 100 10 0.331338
10 7 100 10 0.110624
9 8 100 10 0.500321
10 8 100 10 0.499679
9 9 100 10 3.76144e-05
10 9 100 10 0.999962
4 10 100 10 1
3 0 100 11 1
1 1 100 11 0.882459
2 1 100 11 0.117541
2 2 100 11 0.499943
4 2 100 11 0.500057
3 3 100 11 0.499759
5 3 100 11 0.500241
4 4 100 11 0.333283
6 4 100 11 0.333359
7 4 100 11 0.333359
6 5 100 11 0.333333
8 5 100 11 0.666667
7 6 100 11 0.333333
9 6 100 11 0.666667
2 7 100 11 0.268365
10 7 100 11 0.731635
11 8 100 11 1
11 0 100 12 0.95513
12 0 100 12 0.0448702
1 1 100 12 0.9999
2 1 100 12 9.9961e-05
2 2 100 12 0.796181
3 2 100 12 0.203816
10 2 100 12 3.37213e-06
2 3 100 12 0.142857
3 3 100 12 0.428571
4 3 100 12 0.142857
6 3 100 12 0.142857
8 3 100 12 0.142857
3 4 100 12 0.142879
4 4 100 12 0.428636
5 4 100 12 0.142727
7 4 100 12 0.142879
9 4 100 12 0.142879
4 5 100 12 0.127816
5 5 100 12 0.317643
6 5 100 12 0.383448
7 5 100 12 0.0432774
10 5 100 12 0.127816
5 6 100 12 0.0722031
7 6 100 12 0.512428
8 6 100 12 0.132959
9 6 100 12 0.139954
11 6 100 12 0.142457
8 7 100 12 0.24999
9 7 100 12 0.24999
10 7 100 12 0.374985
11 7 100 12 3.94035e-05
12 7 100 12 0.124995
2 8 100 12 0.0154762
8 8 100 12 0.174486
10 8 100 12 0.166177
11 8 100 12 0.478481
12 8 100 12 0.16538
9 9 100 12 0.33334
11 9 100 12 0.33332
12 9 100 12 0.33334
5 10 100 12 0.499988
11 10 100 12 2.41713e-05
12 10 100 12 0.499987
6 11 100 12 1
12 12 100 12 1
3 0 100 13 0.000146353
7 0 100 13 0.996568
8 0 100 13 0.000792044
10 0 100 13 0.000314779
12 0 100 13 0.00188917
13 0 100 13 0.000289985
1 1 100 13 0.571409
2 1 100 13 0.285704
3 1 100 13 0.142887
1 2 100 13 0.166667
2 2 100 13 0.333333
4 2 100 13 0.5
2 3 100 13 0.199888
3 3 100 13 0.199888
5 3 100 13 0.599663
8 3 100 13 0.000557223
9 3 100 13 4.20692e-06
3 4 100 13 0.333333
4 4 100 13 0.166667
5 4 100 13 0.166667
6 4 100 13 0.333333
3 5 100 13 0.142809
4 5 100 13 0.142865
5 5 100 13 0.142865
6 5 100 13 0.28573
10 5 100 13 0.28573
6 6 100 13 0.0926992
7 6 100 13 0.351107
8 6 100 13 0.0926992
9 6 100 13 0.278096
11 6 100 13 0.185398
8 7 100 13 0.418256
9 7 100 13 0.104658
10 7 100 13 0.16312
11 7 100 13 0.104658
12 7 100 13 0.209309
9 8 100 13 0.155451
10 8 100 13 0.0685658
11 8 100 13 0.155451
12 8 100 13 0.309632
13 8 100 13 0.310901
10 9 100 13 0.332631
12 9 100 13 0.00210924
13 9 100 13 0.66526
7 10 100 13 0.0454859
11 10 100 13 0.954514
12 11 100 13 1
13 12 100 13 1
7 13 100 13 1
2 0 100 14 0.000501602
3 0 100 14 0.000298728
7 0 100 14 0.000384124
10 0 100 14 0.000440341
13 0 100 14 0.953546
14 0 100 14 0.044829
1 1 100 14 0.9
3 1 100 14 0.1
2 2 100 14 0.543267
3 2 100 14 0.366019
4 2 100 14 0.062555
8 2 100 14 0.0158067
10 2 100 14 0.0122333
11 2 100 14 0.000118493
2 3 100 14 0.0287956
3 3 100 14 0.24547
4 3 100 14 0.604777
5 3 100 14 0.120955
10 3 100 14 2.55716e-06
4 4 100 14 0.25
5 4 100 14 0.5
6 4 100 14 0.0833333
7 4 100 14 0.0833333
8 4 100 14 0.0833333
5 5 100 14 0.142813
6 5 100 14 0.499999
7 5 100 14 0.142871
8 5 100 14 0.0714389
9 5 100 14 0.142878
6 6 100 14 0.063468
7 6 100 14 0.253869
8 6 100 14 0.301805
9 6 100 14 0.0635217
10 6 100 14 0.126935
11 6 100 14 0.190402
2 7 100 14 0.000120512
6 7 100 14 7.24969e-05
8 7 100 14 0.142351
9 7 100 14 0.357238
10 7 100 14 0.0714598
11 7 100 14 0.14292
12 7 100 14 0.285839
2 8 100 14 0.00479499
3 8 100 14 0.00758153
7 8 100 14 0.127052
9 8 100 14 0.0635258
10 8 100 14 0.368486
11 8 100 14 0.190457
12 8 100 14 0.0635258
13 8 100 14 0.111769
14 8 100 14 0.0628072
5 9 100 14 9.9963e-05
10 9 100 14 0.000414955
11 9 100 14 0.111055
12 9 100 14 0.444221
13 9 100 14 0.333154
14 9 100 14 0.111055
13 10 100 14 0.571427
14 10 100 14 0.428573
13 11 100 14 2.12823e-05
14 11 100 14 0.999979
4 0 100 15 0.0262015
6 0 100 15 0.0014353
7 0 100 15 0.00767545
8 0 100 15 9.99188e-05
9 0 100 15 0.00135368
10 0 100 15 0.958107
12 0 100 15 0.00155855
14 0 100 15 0.00356815
1 1 100 15 0.9996
12 1 100 15 0.000399812
1 2 100 15 0.0650077
2 2 100 15 0.760926
3 2 100 15 0.0653622
4 2 100 15 0.108704
2 3 100 15 0.166835
3 3 100 15 0.416079
4 3 100 15 0.250252
5 3 100 15 0.0834173
7 3 100 15 0.0834173
1 4 100 15 0.0462577
3 4 100 15 0.262377
4 4 100 15 0.152844
5 4 100 15 0.230795
6 4 100 15 0.230795
7 4 100 15 0.0769316
4 5 100 15 0.222012
5 5 100 15 0.150776
6 5 100 15 0.170525
7 5 100 15 0.0797455
8 5 100 15 0.226165
9 5 100 15 0.150776
2 6 100 15 3.32111e-06
3 6 100 15 7.14654e-06
5 6 100 15 0.142897
6 6 100 15 0.0714484
7 6 100 15 0.214068
8 6 100 15 0.0714484
9 6 100 15 0.142897
10 6 100 15 0.142897
11 6 100 15 0.142891
12 6 100 15 0.0714437
3 7 100 15 1.11353e-05
5 7 100 15 0.0638852
6 7 100 15 0.129475
7 7 100 15 0.129475
8 7 100 15 0.129475
9 7 100 15 0.0647377
10 7 100 15 0.098234
11 7 100 15 0.129475
12 7 100 15 0.190492
13 7 100 15 0.0647377
5 8 100 15 0.00109748
8 8 100 15 0.166804
9 8 100 15 0.0110676
10 8 100 15 0.250212
11 8 100 15 0.250212
12 8 100 15 0.0045748
13 8 100 15 0.232636
14 8 100 15 0.0833977
4 9 100 15 0.00431712
6 9 100 15 0.0577821
7 9 100 15 0.0738391
9 9 100 15 0.224653
10 9 100 15 0.0754708
11 9 100 15 0.0783743
12 9 100 15 0.155579
13 9 100 15 0.016515
14 9 100 15 0.235102
15 9 100 15 0.0783684
8 10 100 15 0.0905106
9 10 100 15 0.0904777
10 10 100 15 0.00318171
12 10 100 15 0.182249
13 10 100 15 0.271532
14 10 100 15 0.090518
15 10 100 15 0.271531
9 11 100 15 3.61895e-05
10 11 100 15 0.166737
13 11 100 15 0.166752
14 11 100 15 0.499724
15 11 100 15 0.166751
5 12 100 15 2.54101e-06
9 12 100 15 3.65921e-05
10 12 100 15 2.16626e-05
11 12 100 15 0.249836
14 12 100 15 0.000590272
15 12 100 15 0.749512
12 13 100 15 1
13 14 100 15 0.500913
14 14 100 15 0.499087
14 15 100 15 0.00270096
15 15 100 15 0.997299
3 0 100 16 0.898756
6 0 100 16 0.00459353
8 0 100 16 0.0923311
15 0 100 16 0.00431903
1 1 100 16 0.749872
2 1 100 16 0.250128
1 2 100 16 0.21177
2 2 100 16 0.579146
7 2 100 16 0.209085
2 3 100 16 0.0810338
3 3 100 16 0.611908
6 3 100 16 0.306343
8 3 100 16 0.000715144
3 4 100 16 0.24921
4 4 100 16 0.74763
7 4 100 16 0.00315965
4 5 100 16 0.193799
5 5 100 16 0.775195
6 5 100 16 0.0310004
8 5 100 16 5.86484e-06
6 6 100 16 0.486175
7 6 100 16 0.34255
8 6 100 16 0.171275
3 7 100 16 0.00040883
8 7 100 16 0.332856
9 7 100 16 0.166747
10 7 100 16 0.333325
13 7 100 16 0.166663
7 8 100 16 0.0909208
9 8 100 16 0.272634
10 8 100 16 0.0909208
11 8 100 16 0.272762
13 8 100 16 0.0909208
14 8 100 16 0.181842
8 9 100 16 0.2
10 9 100 16 0.2
12 9 100 16 0.4
15 9 100 16 0.2
3 10 100 16 0.199279
9 10 100 16 0.000181053
11 10 100 16 0.200135
12 10 100 16 0.40027
15 10 100 16 0.200135
13 11 100 16 0.500001
16 11 100 16 0.499999
6 12 100 16 0.00048404
14 12 100 16 0.666344
15 12 100 16 0.333172
15 13 100 16 0.499981
16 13 100 16 0.500019
15 14 100 16 5.63861e-05
16 14 100 16 0.999944
2 0 100 17 0.00196567
3 0 100 17 0.116465
5 0 100 17 0.0172868
7 0 100 17 1.2778e-05
9 0 100 17 0.000825877
11 0 100 17 0.8566
16 0 100 17 0.00684424
1 1 100 17 1
1 2 100 17 0.111155
2 2 100 17 0.666531
3 2 100 17 0.222309
9 2 100 17 4.4286e-06
2 3 100 17 0.101378
3 3 100 17 0.493108
4 3 100 17 0.304135
5 3 100 17 0.101378
4 4 100 17 0.350894
5 4 100 17 0.348849
6 4 100 17 0.175447
7 4 100 17 0.124584
11 4 100 17 0.000226339
5 5 100 17 0.189279
6 5 100 17 0.283476
7 5 100 17 0.24377
8 5 100 17 0.283475
2 6 100 17 0.000142543
6 6 100 17 0.222215
8 6 100 17 0.333323
9 6 100 17 0.222104
10 6 100 17 0.111108
11 6 100 17 0.111108
7 7 100 17 0.110742
9 7 100 17 0.332227
10 7 100 17 0.110742
11 7 100 17 0.00331966
12 7 100 17 0.221485
13 7 100 17 0.110742
14 7 100 17 0.110742
7 8 100 17 0.198734
8 8 100 17 0.100108
9 8 100 17 0.100108
10 8 100 17 0.100108
11 8 100 17 0.200617
13 8 100 17 0.100108
14 8 100 17 0.100108
15 8 100 17 0.100108
9 9 100 17 0.0999537
10 9 100 17 0.299861
11 9 100 17 0.000857121
12 9 100 17 0.199907
13 9 100 17 0.0999536
15 9 100 17 0.0999537
16 9 100 17 0.199513
7 10 100 17 0.00148452
10 10 100 17 0.100272
11 10 100 17 0.196018
12 10 100 17 0.200532
13 10 100 17 0.100272
14 10 100 17 0.200544
16 10 100 17 0.000331547
17 10 100 17 0.200544
11 11 100 17 0.142855
12 11 100 17 0.142872
13 11 100 17 0.285709
14 11 100 17 0.142855
15 11 100 17 0.285709
13 12 100 17 0.128997
14 12 100 17 0.257994
15 12 100 17 0.229346
16 12 100 17 0.383663
15 13 100 17 0.288189
16 13 100 17 0.00435802
17 13 100 17 0.707453
16 14 100 17 1
16 15 100 17 4.94934e-05
17 15 100 17 0.99995
2 0 100 18 0.103431
11 0 100 18 0.0395282
17 0 100 18 0.818746
18 0 100 18 0.0382948
1 1 100 18 0.999311
7 1 100 18 4.63438e-05
11 1 100 18 0.000642853
1 2 100 18 0.167703
2 2 100 18 0.496891
3 2 100 18 0.167703
4 2 100 18 0.167703
2 3 100 18 0.284212
3 3 100 18 0.565936
4 3 100 18 0.142106
5 3 100 18 0.00774527
3 4 100 18 0.00434266
4 4 100 18 0.504185
5 4 100 18 0.238351
6 4 100 18 0.000883381
7 4 100 18 0.252215
17 4 100 18 2.29981e-05
4 5 100 18 0.2
5 5 100 18 0.6
6 5 100 18 0.2
3 6 100 18 5.77083e-05
6 6 100 18 0.599743
7 6 100 18 0.200051
9 6 100 18 0.200148
5 7 100 18 0.163996
7 7 100 18 0.334383
8 7 100 18 0.334414
10 7 100 18 0.167207
5 8 100 18 0.00239097
6 8 100 18 0.00165018
8 8 100 18 0.124495
9 8 100 18 0.24899
10 8 100 18 0.124495
11 8 100 18 0.24899
13 8 100 18 0.124495
14 8 100 18 0.124495
6 9 100 18 0.11018
8 9 100 18 0.11166
9 9 100 18 0.11166
10 9 100 18 0.223321
12 9 100 18 0.223321
13 9 100 18 0.11166
15 9 100 18 0.108198
8 10 100 18 0.0908401
9 10 100 18 0.0907698
11 10 100 18 0.180159
12 10 100 18 0.18168
13 10 100 18 0.0908401
14 10 100 18 0.0908401
15 10 100 18 0.093657
16 10 100 18 0.0908401
17 10 100 18 0.0903735
9 11 100 18 9.65873e-05
10 11 100 18 0.124932
13 11 100 18 0.124932
14 11 100 18 0.124932
15 11 100 18 0.249863
16 11 100 18 0.124932
17 11 100 18 0.125383
18 11 100 18 0.124931
7 12 100 18 0.166667
11 12 100 18 0.166667
14 12 100 18 0.166667
16 12 100 18 0.333333
18 12 100 18 0.166666
12 13 100 18 0.270695
17 13 100 18 0.462325
18 13 100 18 0.26698
13 14 100 18 0.333328
14 14 100 18 0.333328
17 14 100 18 1.84249e-05
18 14 100 18 0.333327
15 15 100 18 0.5
16 15 100 18 0.5
17 16 100 18 1
17 17 100 18 5.3552e-05
18 17 100 18 0.999946
2 0 100 19 0.168265
3 0 100 19 0.415549
6 0 100 19 0.368016
8 0 100 19 0.000109777
9 0 100 19 0.00566392
12 0 100 19 0.0409399
16 0 100 19 0.00128533
18 0 100 19 0.000170538
1 1 100 19 1
1 2 100 19 0.202751
2 2 100 19 0.594498
3 2 100 19 0.202751
2 3 100 19 0.135963
3 3 100 19 0.184222
4 3 100 19 0.135963
5 3 100 19 0.271926
6 3 100 19 0.135963
18 3 100 19 0.135963
3 4 100 19 0.144594
4 4 100 19 0.433781
6 4 100 19 0.116383
7 4 100 19 0.289187
16 4 100 19 0.0160548
3 5 100 19 0.0991624
5 5 100 19 0.360428
8 5 100 19 0.180214
9 5 100 19 0.360195
6 6 100 19 0.4
8 6 100 19 0.2
10 6 100 19 0.2
11 6 100 19 0.2
7 7 100 19 0.4
10 7 100 19 0.2
12 7 100 19 0.2
15 7 100 19 0.2
8 8 100 19 0.222214
11 8 100 19 0.111112
13 8 100 19 0.222225
14 8 100 19 0.222225
16 8 100 19 0.111112
17 8 100 19 0.111112
2 9 100 19 0.00586711
9 9 100 19 0.398401
12 9 100 19 0.19734
15 9 100 19 0.1992
18 9 100 19 0.199192
6 10 100 19 0.0158775
10 10 100 19 0.285721
12 10 100 19 0.14286
16 10 100 19 0.126956
17 10 100 19 0.14286
18 10 100 19 0.142864
19 10 100 19 0.14286
11 11 100 19 0.4
12 11 100 19 0.2
17 11 100 19 0.2
19 11 100 19 0.2
13 12 100 19 1
14 13 100 19 0.499665
15 13 100 19 0.000670087
16 13 100 19 0.499665
14 14 100 19 0.333482
15 14 100 19 0.333035
17 14 100 19 0.333482
15 15 100 19 0.5
16 15 100 19 0.5
8 16 100 19 6.09303e-06
18 16 100 19 0.499977
19 16 100 19 0.500017
8 17 100 19 5.62373e-05
18 17 100 19 5.64063e-05
19 17 100 19 0.999887
3 0 100 20 0.0188015
5 0 100 20 1.27102e-05
6 0 100 20 0.273836
7 0 100 20 1.60788e-05
9 0 100 20 0.00250103
12 0 100 20 0.273908
13 0 100 20 0.273704
14 0 100 20 0.017073
15 0 100 20 1.40557e-05
19 0 100 20 0.133842
20 0 100 20 0.00629133
1 1 100 20 0.857143
2 1 100 20 0.142857
1 2 100 20 0.107133
2 2 100 20 0.364556
3 2 100 20 0.421177
4 2 100 20 0.107133
2 3 100 20 0.181818
3 3 100 20 0.181818
4 3 100 20 0.272727
5 3 100 20 0.181818
7 3 100 20 1.84343e-06
18 3 100 20 0.0909089
19 3 100 20 0.0909089
3 4 100 20 0.0909101
4 4 100 20 0.18182
5 4 100 20 0.0909057
6 4 100 20 0.363641
7 4 100 20 0.181813
8 4 100 20 0.0909101
4 5 100 20 0.0999929
5 5 100 20 0.399972
7 5 100 20 0.199986
9 5 100 20 0.0999929
10 5 100 20 0.0999929
11 5 100 20 0.0999929
12 5 100 20 7.07713e-05
2 6 100 20 0.0514823
6 6 100 20 0.172421
7 6 100 20 0.0862108
8 6 100 20 0.258632
11 6 100 20 0.172593
13 6 100 20 0.0862383
15 6 100 20 0.0862108
17 6 100 20 0.0862108
7 7 100 20 0.0769815
8 7 100 20 0.153963
9 7 100 20 0.307167
10 7 100 20 0.153963
12 7 100 20 0.153963
14 7 100 20 0.0769815
16 7 100 20 0.0769815
8 8 100 20 0.0829805
9 8 100 20 0.0830407
10 8 100 20 0.248941
11 8 100 20 0.165961
13 8 100 20 0.165961
14 8 100 20 0.0829805
15 8 100 20 0.0829805
16 8 100 20 0.0829805
19 8 100 20 0.00417458
10 9 100 20 0.07176
11 9 100 20 0.143377
12 9 100 20 0.143501
13 9 100 20 0.07176
14 9 100 20 0.210806
15 9 100 20 0.215276
17 9 100 20 0.07176
18 9 100 20 0.07176
9 10 100 20 0.0856961
12 10 100 20 0.171331
13 10 100 20 0.0856687
14 10 100 20 0.0856961
16 10 100 20 0.171392
17 10 100 20 0.0856961
18 10 100 20 0.0856961
19 10 100 20 0.144397
20 10 100 20 0.0844266
15 11 100 20 0.125
16 11 100 20 0.125
17 11 100 20 0.375
18 11 100 20 0.25
20 11 100 20 0.125
7 12 100 20 0.146658
13 12 100 20 7.05593e-05
16 12 100 20 0.146658
18 12 100 20 0.146658
19 12 100 20 0.414493
20 12 100 20 0.145461
15 13 100 20 0.143891
16 13 100 20 0.143891
17 13 100 20 0.143891
18 13 100 20 0.143891
19 13 100 20 0.136652
20 13 100 20 0.287782
14 14 100 20 0.5
20 14 100 20 0.5
15 15 100 20 1
20 16 100 20 1
13 17 100 20 1
3 0 100 21 0.00810507
8 0 100 21 0.991156
15 0 100 21 1.07942e-05
17 0 100 21 0.000522338
20 0 100 21 0.000206037
1 1 100 21 1
1 2 100 21 0.135857
2 2 100 21 0.720119
4 2 100 21 0.144024
3 3 100 21 0.207826
4 3 100 21 0.263896
5 3 100 21 0.131948
9 3 100 21 0.131999
10 3 100 21 0.263846
15 3 100 21 0.000484785
3 4 100 21 0.331765
4 4 100 21 0.165882
6 4 100 21 0.165883
7 4 100 21 0.170587
11 4 100 21 0.165883
3 5 100 21 0.0496722
4 5 100 21 0.119218
5 5 100 21 0.476873
6 5 100 21 0.119218
7 5 100 21 0.235019
6 6 100 21 0.199957
7 6 100 21 0.133446
8 6 100 21 0.26681
9 6 100 21 0.26681
17 6 100 21 0.0661266
19 6 100 21 0.0668506
3 7 100 21 1.1344e-05
7 7 100 21 0.100006
8 7 100 21 0.199942
9 7 100 21 0.0999671
10 7 100 21 0.20005
11 7 100 21 0.100006
12 7 100 21 0.200012
13 7 100 21 0.100006
6 8 100 21 0.14304
11 8 100 21 0.428055
12 8 100 21 0.285865
14 8 100 21 0.14304
9 9 100 21 0.2
12 9 100 21 0.2
13 9 100 21 0.4
15 9 100 21 0.2
10 10 100 21 0.166638
13 10 100 21 0.166811
14 10 100 21 0.333276
16 10 100 21 0.333276
3 11 100 21 0.00118063
8 11 100 21 4.4063e-05
12 11 100 21 0.000177805
14 11 100 21 0.233298
15 11 100 21 0.23608
16 11 100 21 0.11804
17 11 100 21 0.293171
18 11 100 21 0.118008
3 12 100 21 0.00583774
14 12 100 21 0.00546753
18 12 100 21 0.659159
19 12 100 21 0.329535
6 13 100 21 0.113099
11 13 100 21 0.00168101
15 13 100 21 0.316717
17 13 100 21 0.00454043
19 13 100 21 0.338283
20 13 100 21 0.22568
3 14 100 21 0.21265
14 14 100 21 0.00152472
15 14 100 21 0.129692
20 14 100 21 0.437422
21 14 100 21 0.218712
16 15 100 21 0.497718
20 15 100 21 6.88081e-06
21 15 100 21 0.502275
16 16 100 21 0.0108848
17 16 100 21 0.989115
16 17 100 21 0.00372648
17 17 100 21 0.498137
18 17 100 21 0.498137
17 18 100 21 0.0151429
18 18 100 21 0.492428
19 18 100 21 0.492428
19 19 100 21 0.333538
20 19 100 21 0.666462
20 20 100 21 0.000822913
21 20 100 21 0.999177
13 21 100 21 1
4 0 100 22 2.83945e-05
11 0 100 22 0.0172063
17 0 100 22 0.982057
21 0 100 22 0.000707985
1 1 100 22 0.990565
11 1 100 22 0.00943499
2 2 100 22 1
3 3 100 22 1
3 4 100 22 0.134876
5 4 100 22 0.865107
10 4 100 22 1.67697e-05
4 5 100 22 0.666496
6 5 100 22 0.333253
7 5 100 22 0.000251683
5 6 100 22 0.333417
7 6 100 22 0.333165
9 6 100 22 0.333417
6 7 100 22 0.250001
8 7 100 22 0.250001
10 7 100 22 0.249996
11 7 100 22 0.250001
7 8 100 22 0.5
12 8 100 22 0.5
8 9 100 22 0.5
13 9 100 22 0.5
9 10 100 22 0.25
14 10 100 22 0.25
16 10 100 22 0.25
21 10 100 22 0.25
1 11 100 22 0.25
10 11 100 22 0.25
15 11 100 22 0.25
18 11 100 22 0.25
12 12 100 22 0.5
19 12 100 22 0.5
13 13 100 22 0.33375
20 13 100 22 0.33375
21 13 100 22 0.332501
14 14 100 22 0.499247
21 14 100 22 0.00150761
22 14 100 22 0.499246
15 15 100 22 1
16 16 100 22 1
17 17 100 22 1
18 18 100 22 1
19 19 100 22 1
20 20 100 22 1
22 21 100 22 1
11 22 100 22 1
22 0 100 23 1
1 1 100 23 1
2 2 100 23 1
3 3 100 23 1
5 4 100 23 0.499992
6 4 100 23 0.499992
14 4 100 23 1.51652e-05
7 5 100 23 1
8 6 100 23 0.5
9 6 100 23 0.5
10 7 100 23 1
11 8 100 23 0.499977
12 8 100 23 0.499977
19 8 100 23 4.67731e-05
4 9 100 23 0.5
13 9 100 23 0.5
15 10 100 23 1
16 11 100 23 1
14 12 100 23 0.33326
17 12 100 23 0.333271
18 12 100 23 0.333271
19 12 100 23 0.000198792
20 13 100 23 1
19 14 100 23 0.499827
21 14 100 23 0.500173
22 15 100 23 1
22 16 100 23 5.63737e-05
23 16 100 23 0.999944
6 0 100 24 0.000684678
10 0 100 24 8.89798e-05
11 0 100 24 0.223383
15 0 100 24 0.000380198
19 0 100 24 0.774591
24 0 100 24 0.000872626
1 1 100 24 0.4
2 1 100 24 0.4
3 1 100 24 0.2
4 2 100 24 0.406031
5 2 100 24 0.406031
6 2 100 24 0.187938
3 3 100 24 0.333333
6 3 100 24 0.333333
7 3 100 24 0.333333
6 4 100 24 0.0353898
8 4 100 24 0.96461
7 5 100 24 0.2
9 5 100 24 0.4
10 5 100 24 0.2
11 5 100 24 0.2
12 6 100 24 1
10 7 100 24 0.499971
13 7 100 24 0.500029
13 8 100 24 0.333333
14 8 100 24 0.333333
16 8 100 24 0.333333
14 9 100 24 0.20002
15 9 100 24 0.399941
17 9 100 24 0.400039
16 10 100 24 0.333337
18 10 100 24 0.666663
18 11 100 24 1.00282e-05
20 11 100 24 0.66666
21 11 100 24 0.33333
19 12 100 24 0.25
21 12 100 24 0.25
22 12 100 24 0.5
11 13 100 24 0.061081
23 13 100 24 0.938919
11 14 100 24 0.224074
23 14 100 24 0.00732916
24 14 100 24 0.768597
3 0 100 26 1
2 1 100 26 0.313026
3 1 100 26 0.686974
1 2 100 26 0.429996
2 2 100 26 0.340393
3 2 100 26 0.229611
4 3 100 26 1
5 4 100 26 0.999722
6 4 100 26 0.000277746
7 5 100 26 1
11 6 100 26 1
8 7 100 26 1
9 8 100 26 1
12 9 100 26 1
13 10 100 26 1
14 11 100 26 0.333333
15 11 100 26 0.333333
16 11 100 26 0.333333
10 12 100 26 0.000279589
17 12 100 26 0.99972
18 13 100 26 0.5
19 13 100 26 0.5
20 14 100 26 1
21 15 100 26 0.99404
24 15 100 26 0.00596032
6 16 100 26 0.00226284
10 16 100 26 0.010545
17 16 100 26 3.03832e-05
22 16 100 26 0.987162
23 17 100 26 1
21 18 100 26 0.00632583
24 18 100 26 0.993674
10 19 100 26 0.494789
17 19 100 26 0.000883571
22 19 100 26 0.0040987
25 19 100 26 0.500229
26 20 100 26 1
6 21 100 26 1
3 0 100 27 0.913126
6 0 100 27 0.0854472
26 0 100 27 0.00142664
2 1 100 27 1
1 2 100 27 1
2 3 100 27 0.00609598
4 3 100 27 0.993904
3 4 100 27 0.171999
5 4 100 27 0.42588
6 4 100 27 0.402122
7 5 100 27 1
8 6 100 27 1
9 7 100 27 1
11 8 100 27 1
12 9 100 27 1
10 10 100 27 0.333333
13 10 100 27 0.333333
15 10 100 27 0.333333
14 11 100 27 0.5
16 11 100 27 0.5
17 12 100 27 1
18 13 100 27 0.5
19 13 100 27 0.5
20 14 100 27 1
21 15 100 27 1
22 16 100 27 1
23 17 100 27 1
24 18 100 27 1
25 19 100 27 0.500264
26 19 100 27 0.499736
26 20 100 27 0.000123969
27 20 100 27 0.999876
2 21 100 27 1
29 0 100 30 1
1 1 100 30 0.5
4 1 100 30 0.5
2 2 100 30 0.973002
14 2 100 30 0.0269985
3 3 100 30 0.5
5 3 100 30 0.5
6 4 100 30 1
7 5 100 30 0.5
8 5 100 30 0.5
9 6 100 30 1
10 7 100 30 1
11 8 100 30 0.5
12 8 100 30 0.5
13 9 100 30 0.507034
14 9 100 30 0.492965
15 10 100 30 0.5
16 10 100 30 0.5
17 11 100 30 1
18 12 100 30 1
19 13 100 30 1
20 14 100 30 1
21 15 100 30 1
22 16 100 30 1
23 17 100 30 1
23 18 100 30 1
24 19 100 30 1
26 20 100 30 0.723629
27 20 100 30 0.276371
25 21 100 30 0.618017
27 21 100 30 0.381983
28 22 100 30 1
29 23 100 30 1
29 24 100 30 3.33034e-05
30 24 100 30 0.999967
4 0 100 31 0.955157
31 0 100 31 0.0448426
4 1 100 31 0.986665
19 1 100 31 0.0133352
5 2 100 31 1
2 3 100 31 0.9983
4 3 100 31 0.0017001
1 4 100 31 0.5
3 4 100 31 0.5
6 5 100 31 1
7 6 100 31 1
8 7 100 31 0.5
10 7 100 31 0.5
11 8 100 31 1
4 9 100 31 0.00611907
9 9 100 31 0.993881
12 10 100 31 1
13 11 100 31 0.5
15 11 100 31 0.5
14 12 100 31 0.165284
19 12 100 31 0.833911
21 12 100 31 0.000159575
31 12 100 31 0.000645373
16 13 100 31 1
14 14 100 31 1
17 15 100 31 1
18 16 100 31 0.339528
19 16 100 31 0.320947
21 16 100 31 0.339525
22 17 100 31 1
23 18 100 31 1
24 19 100 31 0.5
25 19 100 31 0.5
30 20 100 31 1
26 21 100 31 1
27 22 100 31 1
28 23 100 31 1
29 24 100 31 1
20 25 100 31 1
31 26 100 31 1
4 27 100 31 0.995245
9 27 100 31 0.0047553
3 0 100 35 0.908255
35 0 100 35 0.0917451
29 1 100 35 1
1 2 100 35 1
2 3 100 35 1
4 4 100 35 1
5 5 100 35 0.619004
29 5 100 35 0.380996
6 6 100 35 1
7 7 100 35 1
3 8 100 35 1
8 9 100 35 0.5
9 9 100 35 0.5
10 10 100 35 1
11 11 100 35 1
13 12 100 35 0.499992
14 12 100 35 0.500008
16 13 100 35 1
21 14 100 35 1
15 15 100 35 1
17 16 100 35 1
18 17 100 35 0.749596
29 17 100 35 0.250404
22 19 100 35 1
23 20 100 35 0.5
24 20 100 35 0.5
25 21 100 35 1
19 22 100 35 0.5
26 22 100 35 0.5
20 23 100 35 0.5
27 23 100 35 0.5
28 24 100 35 1
30 25 100 35 1
31 26 100 35 1
12 27 100 35 1
32 28 100 35 0.333333
33 28 100 35 0.333333
34 28 100 35 0.333333
35 29 100 35 1
3 30 100 35 0.00801786
13 30 100 35 0.00469389
15 30 100 35 0.755783
29 30 100 35 0.231505
3 0 100 36 0.000471956
5 0 100 36 0.000257322
6 0 100 36 0.00178263
8 0 100 36 6.92742e-05
14 0 100 36 0.000221288
23 0 100 36 0.980445
25 0 100 36 0.0165885
28 0 100 36 0.000164436
2 1 100 36 0.866644
4 1 100 36 0.00345874
18 1 100 36 0.124318
24 1 100 36 0.00557878
1 2 100 36 0.33345
4 2 100 36 0.665568
24 2 100 36 0.000982122
2 3 100 36 0.500066
5 3 100 36 0.499934
1 4 100 36 0.333333
3 4 100 36 0.333333
6 4 100 36 0.333333
5 5 100 36 0.333341
7 5 100 36 0.333341
8 5 100 36 0.333317
7 6 100 36 0.5
9 6 100 36 0.5
8 7 100 36 0.333333
10 7 100 36 0.333333
13 7 100 36 0.333333
3 8 100 36 0.249924
10 8 100 36 0.250045
11 8 100 36 0.250043
14 8 100 36 0.249988
9 9 100 36 0.25
11 9 100 36 0.25
12 9 100 36 0.25
15 9 100 36 0.25
12 10 100 36 0.333333
13 10 100 36 0.333333
16 10 100 36 0.333333
15 11 100 36 0.5
17 11 100 36 0.5
14 12 100 36 0.333333
16 12 100 36 0.333333
18 12 100 36 0.333333
6 13 100 36 0.130409
17 13 100 36 0.350078
18 13 100 36 0.169434
19 13 100 36 0.350078
19 14 100 36 0.333333
20 14 100 36 0.666667
27 15 100 36 1
21 16 100 36 0.99999
24 16 100 36 1.02548e-05
22 17 100 36 1
23 18 100 36 0.253437
24 18 100 36 0.493128
26 18 100 36 0.253435
25 19 100 36 0.333333
26 19 100 36 0.333333
27 19 100 36 0.333333
6 20 100 36 8.89838e-05
28 20 100 36 0.333304
29 20 100 36 0.333304
30 20 100 36 0.333303
29 21 100 36 0.5
31 21 100 36 0.5
30 22 100 36 0.5
32 22 100 36 0.5
28 23 100 36 0.333296
31 23 100 36 0.333352
32 23 100 36 0.333352
6 24 100 36 0.295078
18 24 100 36 0.191323
33 24 100 36 0.513599
33 25 100 36 0.25
34 25 100 36 0.5
35 25 100 36 0.25
35 26 100 36 0.500001
36 26 100 36 0.499999
6 27 100 36 0.046427
18 27 100 36 4.26374e-05
24 27 100 36 0.040917
36 27 100 36 0.912613
25 28 100 36 1
3 0 100 38 0.00698355
6 0 100 38 0.0163237
10 0 100 38 0.000119974
17 0 100 38 0.0063267
24 0 100 38 0.970228
37 0 100 38 1.84859e-05
1 1 100 38 1
2 2 100 38 1
4 3 100 38 0.335195
5 3 100 38 0.335195
6 3 100 38 0.32961
7 4 100 38 1
8 5 100 38 1
13 6 100 38 1
9 7 100 38 1
3 8 100 38 0.331758
10 8 100 38 0.334099
11 8 100 38 0.33414
24 8 100 38 4.14139e-06
14 9 100 38 1
30 10 100 38 1
15 11 100 38 1
16 12 100 38 0.5
18 12 100 38 0.5
12 13 100 38 0.0180603
17 13 100 38 0.344387
19 13 100 38 0.287596
20 13 100 38 0.346626
24 13 100 38 0.00333076
21 14 100 38 1
12 15 100 38 0.447502
19 15 100 38 0.0803972
22 15 100 38 0.4721
23 16 100 38 1
25 17 100 38 1
26 18 100 38 1
27 19 100 38 1
28 20 100 38 1
29 21 100 38 1
31 22 100 38 1
32 23 100 38 1
33 24 100 38 1
34 25 100 38 1
35 26 100 38 1
36 27 100 38 1
37 28 100 38 1
37 29 100 38 4.19961e-05
38 29 100 38 0.999958
20 0 100 44 0.333508
24 0 100 44 0.332411
34 0 100 44 0.330887
43 0 100 44 0.00319412
10 1 100 44 1
3 2 100 44 1
1 3 100 44 1
10 4 100 44 1
2 5 100 44 1
4 6 100 44 0.5
5 6 100 44 0.5
6 7 100 44 1
18 8 100 44 0.999968
22 8 100 44 3.23722e-05
7 9 100 44 1
8 10 100 44 1
9 11 100 44 1
11 12 100 44 1
12 13 100 44 1
13 14 100 44 0.500002
41 14 100 44 0.187389
42 14 100 44 0.312609
15 15 100 44 0.995792
29 15 100 44 0.00379756
40 15 100 44 0.000410404
18 16 100 44 0.999515
22 16 100 44 0.000485147
19 17 100 44 1
21 18 100 44 1
18 19 100 44 5.10364e-05
22 19 100 44 0.999949
23 20 100 44 1
15 21 100 44 0.5
29 21 100 44 0.5
15 22 100 44 0.00208867
29 22 100 44 0.498109
40 22 100 44 0.499803
16 23 100 44 0.5
30 23 100 44 0.5
17 24 100 44 0.5
31 24 100 44 0.5
32 25 100 44 0.99955
41 25 100 44 0.000450141
33 26 100 44 0.999984
34 26 100 44 1.55751e-05
35 27 100 44 1
36 28 100 44 1
25 29 100 44 0.333333
26 29 100 44 0.333333
37 29 100 44 0.333333
27 30 100 44 0.333389
38 30 100 44 4.23407e-05
39 30 100 44 0.333387
41 30 100 44 0.208235
42 30 100 44 0.124947
14 31 100 44 0.333393
20 31 100 44 0.000235692
24 31 100 44 0.00130988
28 31 100 44 0.333393
34 31 100 44 0.00280491
43 31 100 44 0.328865
43 32 100 44 0.00399484
44 32 100 44 0.996005
24 33 100 44 6.68636e-05
34 33 100 44 0.00013357
38 33 100 44 0.999625
41 33 100 44 0.000174183
