2 0 0.171812 0.828187 0 0 0 0 0 0 0 
3 0.0204673 0.551435 0.159464 0.268633 0 0 0 0 0 0 
4 0.00876027 0.725074 0.208344 0.0574943 0.00032631 0 0 0 0 0 
5 0.00730023 0.602636 0.341879 0.0479119 0.000271925 0 0 0 0 0 
6 0.00247402 0.95459 0.042936 0 0 0 0 0 0 0 
7 0.00876027 0.725074 0.208344 0.0574943 0.00032631 0 0 0 0 0 
8 0 0.610702 0.342143 0.047154 0 0 0 0 0 0 
9 0 0.4 0.6 0 0 0 0 0 0 0 
10 0.0191672 0.911899 0.0507832 0.018145 5.34559e-06 0 0 0 0 0 
11 0 0.66145 0.284883 0.0428163 0.0108503 0 0 0 0 0 
12 0.0038915 0.983195 0.00994994 0.00296245 8.7275e-07 0 0 0 0 0 
13 0.0306006 0.873942 0.0664165 0.029032 8.55295e-06 0 0 0 0 0 
14 0.0168822 0.936791 0.0309415 0.0153847 0 0 0 0 0 0 
15 0.0151341 0.82103 0.113447 0.0503886 0 0 0 0 0 0 
16 0.00730023 0.604229 0.340287 0.0479119 0.000271925 0 0 0 0 0 
17 0 0.675585 0.285119 0.039295 0 0 0 0 0 0 
18 0.0606843 0.914195 0.0174787 0.00764001 2.25078e-06 0 0 0 0 0 
19 0.00398194 0.875034 0.094702 0.0261338 0.000148323 0 0 0 0 0 
20 0.00844111 0.968065 0.0158019 0.00769233 0 0 0 0 0 0 
21 0 0 0.999999 0 0 0 0 0 0 0 
22 0.00835471 0.572157 0.29814 0.121348 0 0 0 0 0 0 
23 0 0.458518 0.455615 0.068506 0.0173604 0 0 0 0 0 
24 0.0317093 0.6847 0.216526 0.0620551 0.00500905 0 0 0 0 0 
25 0.154916 0.811994 0.0221011 0.010989 0 0 0 0 0 0 
26 0.0255007 0.894952 0.0553473 0.0241934 7.12746e-06 0 0 0 0 0 
27 0.00835471 0.572157 0.29814 0.121348 0 0 0 0 0 0 
28 0.193091 0.570583 0.180439 0.0517126 0.00417421 0 0 0 0 0 
29 0.0168822 0.936791 0.0309415 0.0153847 0 0 0 0 0 0 
30 0 0.171495 0.828504 0 0 0 0 0 0 0 
31 0.00876027 0.52509 0.408328 0.0574943 0.00032631 0 0 0 0 0 
32 0.0234686 0.249854 0.485082 0.218066 0.0235295 0 0 0 0 0 
33 0.00835471 0.568002 0.302294 0.121348 0 0 0 0 0 0 
34 0.0144525 0.765733 0.18933 0.0282069 0.00227684 0 0 0 0 0 
35 0.229321 0.736588 0.0237202 0.0103686 3.05462e-06 0 0 0 0 0 
36 0.0137331 0.666857 0.278158 0.0412508 1.23712e-06 0 0 0 0 0 
37 0.0317093 0.4847 0.416526 0.0620551 0.00500905 0 0 0 0 0 
38 0.00562741 0.97893 0.0103139 0.00512822 0 0 0 0 0 0 
39 0 0.466666 0.533333 0 0 0 0 0 0 0 
40 0.0094106 0.964588 0.0174547 0.00854704 0 0 0 0 0 0 
41 0.0457143 0.456771 0.451661 0.0458528 0 0 0 0 0 0 
42 0.00876027 0.525074 0.408344 0.0574943 0.00032631 0 0 0 0 0 
43 0.0137331 0.666856 0.278158 0.0412513 1.23712e-06 0 0 0 0 0 
44 0.0317093 0.4847 0.416525 0.0620562 0.00500905 0 0 0 0 0 
45 0.0317093 0.6847 0.216526 0.0620551 0.00500905 0 0 0 0 0 
46 0.0191254 0.553124 0.402691 0.0250546 5.34559e-06 0 0 0 0 0 
47 0.00547517 0.629737 0.20365 0.160934 0.000203944 0 0 0 0 0 
48 0.0226495 0.774785 0.154662 0.0443251 0.00357789 0 0 0 0 0 
49 0 0.458518 0.455615 0.068506 0.0173604 0 0 0 0 0 
50 0.00943915 0.906683 0.0641532 0.0182515 0.00147325 0 0 0 0 0 
51 0.111688 0.116725 0.750162 0.0214247 0 0 0 0 0 0 
52 0.00438014 0.862537 0.104172 0.0287472 0.000163155 0 0 0 0 0 
53 0 0.458518 0.255616 0.268506 0.0173604 0 0 0 0 0 
54 0.0170561 0.792862 0.131295 0.0587867 0 0 0 0 0 0 
55 0.0317093 0.6847 0.216526 0.0620551 0.00500905 0 0 0 0 0 
56 0.0380952 0.213976 0.709717 0.0382107 0 0 0 0 0 0 
57 0.0164797 0.780172 0.153845 0.049501 1.48454e-06 0 0 0 0 0 
58 0.0226495 0.446578 0.482869 0.0443251 0.00357789 0 0 0 0 0 
59 0 0.610702 0.342143 0.047154 0 0 0 0 0 0 
60 0.00464151 0.206754 0.721189 0.0674156 0 0 0 0 0 0 
61 0.0164797 0.800227 0.13379 0.049501 1.48454e-06 0 0 0 0 0 
62 0.180543 0.365899 0.430043 0.0235159 0 0 0 0 0 0 
63 0.0146195 0.561149 0.373843 0.0503886 0 0 0 0 0 0 
64 0.0146679 0.26925 0.687028 0.0143483 0.0147059 0 0 0 0 0 
65 0 0.6 0.4 0 0 0 0 0 0 0 
66 0.0191254 0.921214 0.0415103 0.018145 5.34559e-06 0 0 0 0 0 
67 0 0.658517 0.255616 0.068506 0.0173604 0 0 0 0 0 
68 0.0317093 0.6847 0.216526 0.0620551 0.00500905 0 0 0 0 0 
69 0.0204673 0.751435 0.157554 0.070544 0 0 0 0 0 0 
70 0.0317093 0.6847 0.216526 0.0620551 0.00500905 0 0 0 0 0 
71 0.192167 0.728285 0.0553471 0.0241934 7.12746e-06 0 0 0 0 0 
72 0.00876027 0.642563 0.290856 0.0574943 0.00032631 0 0 0 0 0 
73 0.00749149 0.7851 0.184907 0.0225005 6.74791e-07 0 0 0 0 0 
74 0.0234686 0.449854 0.480193 0.0229547 0.0235295 0 0 0 0 0 
75 0.0164797 0.60736 0.326657 0.049501 1.48454e-06 0 0 0 0 0 
76 0.0113085 0.973871 0.0100132 0.00480771 0 0 0 0 0 0 
77 0.0306006 0.873942 0.0664165 0.029032 8.55295e-06 0 0 0 0 0 
78 0.00399204 0.800874 0.171042 0.023956 0.000135963 0 0 0 0 0 
79 0 0.458518 0.455615 0.068506 0.0173604 0 0 0 0 0 
80 0.0457143 0.262425 0.646007 0.0458528 0 0 0 0 0 0 
81 0.0198183 0.304469 0.504638 0.167944 0.00313066 0 0 0 0 0 
82 0.0164797 0.800227 0.13379 0.049501 1.48454e-06 0 0 0 0 0 
83 0.0204673 0.551435 0.357553 0.070544 0 0 0 0 0 0 
84 0 0.458518 0.455615 0.068506 0.0173604 0 0 0 0 0 
85 0.00876027 0.725074 0.208344 0.0574943 0.00032631 0 0 0 0 0 
86 0 0.658517 0.255616 0.068506 0.0173604 0 0 0 0 0 
87 0.0204673 0.552484 0.355684 0.0713644 0 0 0 0 0 0 
88 0 0.610697 0.342148 0.047154 0 0 0 0 0 0 
89 0.00835471 0.372157 0.49814 0.121348 0 0 0 0 0 0 
90 0 0.658517 0.255616 0.068506 0.0173604 0 0 0 0 0 
91 0 0.458518 0.455615 0.068506 0.0173604 0 0 0 0 0 
92 0.0306006 0.673942 0.0664233 0.229025 8.55295e-06 0 0 0 0 0 
93 0.0317093 0.4847 0.416526 0.0620551 0.00500905 0 0 0 0 0 
94 0.0146195 0.822453 0.112538 0.0503886 0 0 0 0 0 0 
95 0.0810351 0.7164 0.154662 0.0443251 0.00357789 0 0 0 0 0 
96 0.27895 0.568306 0.111492 0.0412508 1.23712e-06 0 0 0 0 0 
97 0 0.142913 0.857086 0 0 0 0 0 0 0 
98 0 0.658517 0.255616 0.068506 0.0173604 0 0 0 0 0 
99 0.0164797 0.800227 0.13379 0.049501 1.48454e-06 0 0 0 0 0 
100 0.00876027 0.525074 0.208344 0.257494 0.00032631 0 0 0 0 0 
101 0.0317093 0.6847 0.216526 0.0620551 0.00500905 0 0 0 0 0 
102 0.0204677 0.751434 0.157554 0.070544 0 0 0 0 0 0 
103 0.0164797 0.800227 0.13379 0.049501 1.48454e-06 0 0 0 0 0 
104 0.0317093 0.4847 0.416526 0.0620551 0.00500905 0 0 0 0 0 
105 0.0164797 0.800227 0.13379 0.049501 1.48454e-06 0 0 0 0 0 
106 0 0.658998 0.301707 0.039295 0 0 0 0 0 0 
107 0.00835471 0.372157 0.49814 0.121348 0 0 0 0 0 0 
108 0.00876027 0.525074 0.408344 0.0574943 0.00032631 0 0 0 0 0 
109 0.105322 0.312277 0.551917 0.0282069 0.00227684 0 0 0 0 0 
110 0.0306006 0.873942 0.0664165 0.029032 8.55295e-06 0 0 0 0 0 
111 0 0.436216 0.517024 0.0467602 0 0 0 0 0 0 
112 0.00835471 0.372157 0.29814 0.321348 0 0 0 0 0 0 
113 0.0195571 0.374878 0.566828 0.0191289 0.0196079 0 0 0 0 0 
114 0.00835471 0.372157 0.49814 0.121348 0 0 0 0 0 0 
115 0.0195571 0.20838 0.733326 0.0191289 0.0196079 0 0 0 0 0 
116 0.00730023 0.604225 0.173624 0.214579 0.000271925 0 0 0 0 0 
117 0.0226495 0.500582 0.428865 0.0443255 0.00357789 0 0 0 0 0 
118 0.0234686 0.449854 0.480193 0.0229547 0.0235295 0 0 0 0 0 
119 0.204762 0.380643 0.376384 0.0382107 0 0 0 0 0 0 
120 0.00696226 0.310131 0.415116 0.26779 0 0 0 0 0 0 
121 0.00730023 0.604086 0.173763 0.214579 0.000271925 0 0 0 0 0 
122 0.0317093 0.4847 0.416526 0.0620551 0.00500905 0 0 0 0 0 
123 0.0227036 0.489017 0.205125 0.279576 0.00357789 0 0 0 0 0 
124 0.00547517 0.711383 0.222367 0.0605699 0.000203944 0 0 0 0 0 
125 0 0.837793 0.14256 0.0196475 0 0 0 0 0 0 
126 0.0204673 0.551435 0.157554 0.270544 0 0 0 0 0 0 
127 0.00876027 0.725074 0.208344 0.0574943 0.00032631 0 0 0 0 0 
128 0.00877827 0.725056 0.208344 0.0574943 0.00032631 0 0 0 0 0 
129 0.0198183 0.565378 0.372889 0.0387845 0.00313066 0 0 0 0 0 
130 0 0.715431 0.213013 0.0570883 0.014467 0 0 0 0 0 
131 0.0317093 0.6847 0.216526 0.0620551 0.00500905 0 0 0 0 0 
132 0.00835486 0.572156 0.29814 0.121348 0 0 0 0 0 0 
133 0.00835471 0.372157 0.49814 0.121348 0 0 0 0 0 0 
134 0 0.410702 0.542143 0.047154 0 0 0 0 0 0 
135 0.0317093 0.6847 0.216526 0.0620551 0.00500905 0 0 0 0 0 
136 0.00835471 0.374717 0.49558 0.121348 0 0 0 0 0 0 
137 0 0.410702 0.542143 0.047154 0 0 0 0 0 0 
138 0.0317093 0.4847 0.229382 0.249199 0.00500905 0 0 0 0 0 
139 0.0164797 0.600227 0.33379 0.049501 1.48454e-06 0 0 0 0 0 
140 0.0198184 0.802935 0.135331 0.0387845 0.00313066 0 0 0 0 0 
141 0.0226495 0.774785 0.154662 0.0443251 0.00357789 0 0 0 0 0 
142 0 0.658517 0.255616 0.068506 0.0173604 0 0 0 0 0 
143 0 0.410702 0.542143 0.047154 0 0 0 0 0 0 
144 0.00876057 0.725074 0.208344 0.0574943 0.00032631 0 0 0 0 0 
145 0.0306006 0.873942 0.0664165 0.029032 8.55295e-06 0 0 0 0 0 
146 0.0317093 0.6847 0.216526 0.0620551 0.00500905 0 0 0 0 0 
147 0.00835471 0.372157 0.29814 0.321348 0 0 0 0 0 0 
148 0.0264244 0.73725 0.180439 0.0517126 0.00417421 0 0 0 0 0 
149 0.00876027 0.725074 0.208344 0.0574943 0.00032631 0 0 0 0 0 
150 0 0.999999 0 0 0 0 0 0 0 0 
151 0.0164797 0.800227 0.13379 0.049501 1.48454e-06 0 0 0 0 0 
152 0.0164797 0.800227 0.13379 0.049501 1.48454e-06 0 0 0 0 0 
153 0.0457143 0.456771 0.451661 0.0458528 0 0 0 0 0 0 
154 0.0457143 0.256771 0.651661 0.0458528 0 0 0 0 0 0 
155 0.0168822 0.936791 0.0309415 0.0153847 0 0 0 0 0 0 
156 0.0218576 0.613974 0.169782 0.194162 0.000224914 0 0 0 0 0 
157 0 0.756084 0.182583 0.0489329 0.0124003 0 0 0 0 0 
158 0 0.251873 0.72193 0.0261976 0 0 0 0 0 0 
159 0.0137331 0.833523 0.111492 0.0412508 1.23712e-06 0 0 0 0 0 
160 0.102248 0.696239 0.173552 0.0258735 0.0020871 0 0 0 0 0 
161 0.0170561 0.792862 0.131295 0.0587867 0 0 0 0 0 0 
162 0.00835471 0.572157 0.29814 0.121348 0 0 0 0 0 0 
163 0.0317093 0.6847 0.216526 0.0620551 0.00500905 0 0 0 0 0 
164 0.0164797 0.60089 0.333128 0.049501 1.48454e-06 0 0 0 0 0 
165 0.00835471 0.572157 0.29814 0.121348 0 0 0 0 0 0 
166 0 0.613227 0.182583 0.19179 0.0124003 0 0 0 0 0 
167 0.0234686 0.449854 0.480193 0.0229547 0.0235295 0 0 0 0 0 
168 0.0204673 0.751435 0.157554 0.070544 0 0 0 0 0 0 
169 0.120266 0.761721 0.0905109 0.0275006 8.24745e-07 0 0 0 0 0 
170 0.0264244 0.403916 0.180439 0.385046 0.00417421 0 0 0 0 0 
171 0.0317093 0.4847 0.416343 0.062239 0.00500905 0 0 0 0 0 
172 0 0.386308 0.542137 0.0570883 0.014467 0 0 0 0 0 
173 0.473683 0.514442 0.0118753 0 0 0 0 0 0 0 
174 0.0317093 0.4847 0.216526 0.262055 0.00500905 0 0 0 0 0 
175 0.0306006 0.873942 0.0664165 0.029032 8.55295e-06 0 0 0 0 0 
176 0.0164797 0.800227 0.13379 0.049501 1.48454e-06 0 0 0 0 0 
177 0.0204673 0.751435 0.157554 0.070544 0 0 0 0 0 0 
178 0.0164797 0.800227 0.13379 0.049501 1.48454e-06 0 0 0 0 0 
179 0.00835471 0.372157 0.49814 0.121348 0 0 0 0 0 0 
180 0.0164797 0.600228 0.33379 0.049501 1.48454e-06 0 0 0 0 0 
181 0 0.715431 0.213013 0.0570883 0.014467 0 0 0 0 0 
182 0.0457143 0.456771 0.451661 0.0458528 0 0 0 0 0 0 
183 0.00835514 0.572157 0.29814 0.121348 0 0 0 0 0 0 
184 0 0.658517 0.255616 0.068506 0.0173604 0 0 0 0 0 
185 0.0204673 0.751435 0.157554 0.070544 0 0 0 0 0 0 
186 0.0204673 0.551435 0.157554 0.270544 0 0 0 0 0 0 
187 0.00876027 0.525074 0.408344 0.0574943 0.00032631 0 0 0 0 0 
188 0.0317093 0.4847 0.416526 0.0620551 0.00500905 0 0 0 0 0 
189 0.0317093 0.4847 0.216526 0.262055 0.00500905 0 0 0 0 0 
190 0.0317093 0.6847 0.216526 0.0620551 0.00500905 0 0 0 0 0 
191 0.0123878 0.796982 0.14933 0.0410674 0.000233079 0 0 0 0 0 
192 0.00730162 0.604309 0.340204 0.0479133 0.000271925 0 0 0 0 0 
193 0.017957 0.85112 0.0955642 0.0353578 1.06039e-06 0 0 0 0 0 
194 0.0146195 0.536739 0.255395 0.193246 0 0 0 0 0 0 
195 0.0117712 0.857305 0.0955642 0.0353578 1.06039e-06 0 0 0 0 0 
196 0.0264244 0.73725 0.180439 0.0517126 0.00417421 0 0 0 0 0 
197 0.0115703 0.722264 0.208344 0.0574943 0.00032631 0 0 0 0 0 
198 0.0317093 0.4847 0.416526 0.0620551 0.00500905 0 0 0 0 0 
199 0.0168822 0.936791 0.0309415 0.0153847 0 0 0 0 0 0 
200 0 0.247707 0.752293 0 0 0 0 0 0 0 
201 0.0306006 0.873942 0.0664165 0.029032 8.55295e-06 0 0 0 0 0 
202 0 0.658517 0.255616 0.068506 0.0173604 0 0 0 0 0 
203 0 0.410714 0.542131 0.047154 0 0 0 0 0 0 
204 0.0306006 0.673942 0.266416 0.029032 8.55295e-06 0 0 0 0 0 
205 0.0164797 0.800227 0.13379 0.049501 1.48454e-06 0 0 0 0 0 
206 0.0204673 0.551487 0.357501 0.070544 0 0 0 0 0 0 
207 0.0317093 0.684647 0.216579 0.0620551 0.00500905 0 0 0 0 0 
208 0.0457143 0.256771 0.651661 0.0458528 0 0 0 0 0 0 
209 0.00876027 0.525075 0.408343 0.0574943 0.00032631 0 0 0 0 0 
210 0.00730023 0.621771 0.322345 0.0483114 0.000271925 0 0 0 0 0 
211 0 0.458725 0.455408 0.068506 0.0173604 0 0 0 0 0 
212 0.00876027 0.725074 0.208344 0.0574943 0.00032631 0 0 0 0 0 
213 0.0457143 0.456771 0.451661 0.0458528 0 0 0 0 0 0 
214 0.0306006 0.873942 0.0664165 0.029032 8.55295e-06 0 0 0 0 0 
215 0.00876027 0.725074 0.208344 0.0574943 0.00032631 0 0 0 0 0 
216 0.0117712 0.857229 0.0956402 0.0353578 1.06039e-06 0 0 0 0 0 
217 0.0141572 0.947237 0.0257846 0.0128205 0 0 0 0 0 0 
218 0.0218576 0.645051 0.312348 0.0207373 6.10925e-06 0 0 0 0 0 
219 0.0164797 0.600228 0.33379 0.049501 1.48454e-06 0 0 0 0 0 
220 0 0.476246 0.523753 0 0 0 0 0 0 0 
221 0.00835471 0.572157 0.29814 0.121348 0 0 0 0 0 0 
222 0.011778 0.714434 0.0961634 0.177623 1.06039e-06 0 0 0 0 0 
223 0.0204673 0.751435 0.157554 0.070544 0 0 0 0 0 0 
224 0.00876027 0.725074 0.208344 0.0574943 0.00032631 0 0 0 0 0 
225 0.00730023 0.770895 0.17362 0.0479119 0.000271925 0 0 0 0 0 
226 0 0.610702 0.342143 0.047154 0 0 0 0 0 0 
227 0.00876027 0.725074 0.208344 0.0574943 0.00032631 0 0 0 0 0 
228 0.0204673 0.751435 0.157554 0.070544 0 0 0 0 0 0 
229 0.00835471 0.572157 0.29814 0.121348 0 0 0 0 0 0 
230 0.0928962 0.274895 0.612841 0.00956446 0.00980395 0 0 0 0 0 
231 0.0204673 0.551952 0.357036 0.070544 0 0 0 0 0 0 
232 0.0306006 0.673942 0.266416 0.029032 8.55295e-06 0 0 0 0 0 
233 0 0.4 0.6 0 0 0 0 0 0 0 
234 0.0102337 0.875717 0.0787768 0.035272 0 0 0 0 0 0 
235 0.0204673 0.751435 0.157554 0.070544 0 0 0 0 0 0 
236 0.00835471 0.572157 0.29814 0.121348 0 0 0 0 0 0 
237 0.0457143 0.456771 0.451661 0.0458528 0 0 0 0 0 0 
238 0.0444445 0 0.628554 0.327001 0 0 0 0 0 0 
239 0.00835471 0.572157 0.29814 0.121348 0 0 0 0 0 0 
240 0 0.658517 0.255616 0.068506 0.0173604 0 0 0 0 0 
241 0.250085 0.735401 0.0145142 0 0 0 0 0 0 0 
242 0 0.756084 0.182583 0.0489329 0.0124003 0 0 0 0 0 
243 0.0195571 0.208211 0.733494 0.0191289 0.0196079 0 0 0 0 0 
244 0.0227401 0.553568 0.261325 0.147799 0.0145682 0 0 0 0 0 
245 0.00835471 0.572157 0.29814 0.121348 0 0 0 0 0 0 
246 0.0204673 0.751435 0.157554 0.070544 0 0 0 0 0 0 
247 0 0.715431 0.213013 0.0570883 0.014467 0 0 0 0 0 
248 0.0204673 0.751435 0.157554 0.070544 0 0 0 0 0 0 
249 0.0164797 0.800227 0.13379 0.049501 1.48454e-06 0 0 0 0 0 
250 0.0164797 0.800227 0.13379 0.049501 1.48454e-06 0 0 0 0 0 
251 0.0306006 0.873942 0.0664165 0.029032 8.55295e-06 0 0 0 0 0 
252 0.0317093 0.6847 0.216526 0.0620551 0.00500905 0 0 0 0 0 
253 0.0317093 0.6847 0.216526 0.0620551 0.00500905 0 0 0 0 0 
254 0.0317093 0.6847 0.216527 0.0620551 0.00500905 0 0 0 0 0 
255 0.0204673 0.551435 0.357554 0.070544 0 0 0 0 0 0 
256 0.0204673 0.751435 0.157554 0.070544 0 0 0 0 0 0 
257 0.0317093 0.4847 0.216526 0.262055 0.00500905 0 0 0 0 0 
258 0 0.576769 0.389549 0.0336815 0 0 0 0 0 0 
259 0.0317093 0.4847 0.216526 0.262055 0.00500909 0 0 0 0 0 
260 0.00625734 0.51791 0.434532 0.0410674 0.000233079 0 0 0 0 0 
261 0.0168822 0.936791 0.0309415 0.0153847 0 0 0 0 0 0 
262 0.0457143 0.256771 0.651661 0.0458528 0 0 0 0 0 0 
263 0.665728 0.334233 3.89879e-05 0 0 0 0 0 0 0 
264 0.0888889 0 0.709879 0.201231 0 0 0 0 0 0 
265 0.0204673 0.751435 0.157554 0.070544 0 0 0 0 0 0 
266 0.0234686 0.249854 0.680193 0.0229547 0.0235295 0 0 0 0 0 
267 0.00835471 0.372157 0.298274 0.321214 0 0 0 0 0 0 
268 0 0.410702 0.542143 0.047154 0 0 0 0 0 0 
269 0 0.658517 0.255616 0.068506 0.0173604 0 0 0 0 0 
270 0.00835471 0.572157 0.29814 0.121348 0 0 0 0 0 0 
271 0.0611508 0.932601 0.00624818 0 0 0 0 0 0 0 
272 0 0.658517 0.255616 0.068506 0.0173604 0 0 0 0 0 
273 0.00835471 0.572157 0.29814 0.121348 0 0 0 0 0 0 
274 0.0164797 0.800227 0.13379 0.049501 1.48454e-06 0 0 0 0 0 
275 0.00876027 0.725074 0.208344 0.0574943 0.00032631 0 0 0 0 0 
276 0.0168822 0.936791 0.0309415 0.0153847 0 0 0 0 0 0 
277 0.0204673 0.751435 0.157554 0.070544 0 0 0 0 0 0 
278 0.0164797 0.800227 0.13379 0.049501 1.48454e-06 0 0 0 0 0 
279 0 0.658517 0.255616 0.068506 0.0173604 0 0 0 0 0 
280 0.00876027 0.525074 0.408344 0.0574943 0.00032631 0 0 0 0 0 
281 0.0164797 0.800227 0.13379 0.049501 1.48454e-06 0 0 0 0 0 
282 0.0164797 0.800227 0.13379 0.049501 1.48454e-06 0 0 0 0 0 
283 0.0317093 0.6847 0.216527 0.0620551 0.00500905 0 0 0 0 0 
284 0.0168822 0.936791 0.0309415 0.0153847 0 0 0 0 0 0 
285 0 0.458518 0.455615 0.068506 0.0173604 0 0 0 0 0 
286 0.0264247 0.737249 0.180439 0.0517126 0.00417421 0 0 0 0 0 
287 0 0.382098 0.546346 0.0570883 0.014467 0 0 0 0 0 
288 0 0.715431 0.213013 0.0570883 0.014467 0 0 0 0 0 
289 0.0146435 0.818148 0.116819 0.0503886 0 0 0 0 0 0 
290 0.0137331 0.833523 0.111492 0.0412508 1.23712e-06 0 0 0 0 0 
291 0.0234686 0.249854 0.680193 0.0229547 0.0235295 0 0 0 0 0 
292 0.00835471 0.572157 0.29814 0.121348 0 0 0 0 0 0 
293 0.0164797 0.800227 0.13379 0.049501 1.48454e-06 0 0 0 0 0 
294 0.00696226 0.310131 0.254041 0.428866 0 0 0 0 0 0 
295 0.00835471 0.572157 0.29814 0.121348 0 0 0 0 0 0 
296 0.00876031 0.725074 0.208344 0.0574943 0.00032631 0 0 0 0 0 
297 0.0457143 0.256771 0.651661 0.0458528 0 0 0 0 0 0 
298 0.00876027 0.725074 0.208344 0.0574943 0.00032631 0 0 0 0 0 
299 0.0264244 0.73725 0.180439 0.0517126 0.00417421 0 0 0 0 0 
300 0 0.715431 0.213013 0.0570883 0.014467 0 0 0 0 0 
301 0.0198183 0.802937 0.135329 0.0387845 0.00313066 0 0 0 0 0 
302 0.0164797 0.800227 0.13379 0.049501 1.48454e-06 0 0 0 0 0 
303 0.0499682 0.923906 0.0261255 0 0 0 0 0 0 0 
304 0.0164797 0.800227 0.13379 0.049501 1.48454e-06 0 0 0 0 0 
305 0.0170561 0.792862 0.131295 0.0587867 0 0 0 0 0 0 
306 0 0.458518 0.455615 0.068506 0.0173604 0 0 0 0 0 
307 0.0164797 0.800227 0.13379 0.049501 1.48454e-06 0 0 0 0 0 
308 0.00876027 0.525074 0.208344 0.257494 0.00032631 0 0 0 0 0 
309 0.0164797 0.800227 0.13379 0.049501 1.48454e-06 0 0 0 0 0 
310 0.0317093 0.6847 0.216526 0.0620551 0.00500905 0 0 0 0 0 
311 0.0195571 0.264112 0.677593 0.0191289 0.0196079 0 0 0 0 0 
312 0.0164797 0.800227 0.13379 0.049501 1.48454e-06 0 0 0 0 0 
313 0.0164797 0.800227 0.13379 0.049501 1.48454e-06 0 0 0 0 0 
314 0.0380952 0.213976 0.709717 0.0382107 0 0 0 0 0 0 
315 0.0317093 0.6847 0.216526 0.0620551 0.00500905 0 0 0 0 0 
316 0.0204673 0.751435 0.157554 0.070544 0 0 0 0 0 0 
317 0 0.301616 0.664702 0.0336815 0 0 0 0 0 0 
318 0.00835471 0.572157 0.29814 0.121348 0 0 0 0 0 0 
319 0.0264255 0.570582 0.347105 0.0517126 0.00417421 0 0 0 0 0 
320 0.0264244 0.570583 0.347105 0.0517127 0.00417421 0 0 0 0 0 
321 0.00547517 0.469668 0.488719 0.0359339 0.000203944 0 0 0 0 0 
322 0 0.610702 0.342143 0.047154 0 0 0 0 0 0 
323 0 0.4 0.6 0 0 0 0 0 0 0 
324 0 0.458518 0.455615 0.068506 0.0173604 0 0 0 0 0 
325 0.0204673 0.751435 0.157554 0.070544 0 0 0 0 0 0 
326 0.0226495 0.774785 0.154662 0.0443251 0.00357789 0 0 0 0 0 
327 0.00730023 0.604228 0.340287 0.0479119 0.000271925 0 0 0 0 0 
328 0.00876027 0.525074 0.208344 0.257494 0.00032631 0 0 0 0 0 
329 0.0164797 0.800227 0.13379 0.049501 1.48454e-06 0 0 0 0 0 
330 0.0317093 0.6847 0.216526 0.0620551 0.00500905 0 0 0 0 0 
331 0.0234686 0.249854 0.480193 0.0229547 0.223529 0 0 0 0 0 
332 0.0191254 0.921214 0.0415103 0.018145 5.34559e-06 0 0 0 0 0 
333 0.0137331 0.665688 0.279326 0.0412512 1.23712e-06 0 0 0 0 0 
334 0.00876027 0.725074 0.208344 0.0574943 0.00032631 0 0 0 0 0 
335 0.0164797 0.800227 0.13379 0.049501 1.48454e-06 0 0 0 0 0 
336 0.0164797 0.626582 0.307436 0.049501 1.48454e-06 0 0 0 0 0 
337 0.0137331 0.833523 0.111492 0.0412508 1.23712e-06 0 0 0 0 0 
338 0.0317093 0.4847 0.416526 0.0620551 0.00500905 0 0 0 0 0 
339 0.00876027 0.725074 0.208344 0.0574943 0.00032631 0 0 0 0 0 
340 0.0317093 0.6847 0.216526 0.0620551 0.00500905 0 0 0 0 0 
341 0.01002 0.570492 0.29814 0.121348 0 0 0 0 0 0 
342 0.0164797 0.600228 0.33379 0.049501 1.48454e-06 0 0 0 0 0 
343 0.0317093 0.6847 0.216527 0.0620551 0.00500905 0 0 0 0 0 
344 0 0.458518 0.3483 0.175822 0.0173604 0 0 0 0 0 
345 0.0204673 0.65875 0.250238 0.070544 0 0 0 0 0 0 
346 0 0.458518 0.455615 0.068506 0.0173604 0 0 0 0 0 
347 0.0204673 0.73532 0.173668 0.070544 0 0 0 0 0 0 
348 0.00876027 0.525074 0.408344 0.0574943 0.00032631 0 0 0 0 0 
349 0.0457143 0.256771 0.651661 0.0458528 0 0 0 0 0 0 
350 0.0164797 0.800227 0.13379 0.049501 1.48454e-06 0 0 0 0 0 
351 0 0.222222 0.777777 0 0 0 0 0 0 0 
352 0.00876027 0.527281 0.406137 0.0574943 0.00032631 0 0 0 0 0 
353 0 0.410702 0.342143 0.247154 0 0 0 0 0 0 
354 0.00627123 0.521153 0.287445 0.175925 0.00920476 0 0 0 0 0 
355 0.0457143 0.256771 0.451661 0.245853 0 0 0 0 0 0 
356 0 0.533333 0.333922 0.132745 0 0 0 0 0 0 
357 0 0.658517 0.255616 0.068506 0.0173604 0 0 0 0 0 
358 0 0.142913 0.857086 0 0 0 0 0 0 0 
359 0.0195571 0.541545 0.400161 0.0191289 0.0196079 0 0 0 0 0 
360 0.00835471 0.372157 0.29814 0.321348 0 0 0 0 0 0 
361 0.0457143 0.256772 0.651661 0.0458528 0 0 0 0 0 0 
362 0.0317093 0.4847 0.416526 0.0620551 0.00500905 0 0 0 0 0 
363 0 0.410706 0.542139 0.0471542 0 0 0 0 0 0 
364 0.0218576 0.909959 0.0474404 0.0207372 6.10925e-06 0 0 0 0 0 
365 0.0218576 0.909959 0.0474404 0.0207372 6.10925e-06 0 0 0 0 0 
366 0.302284 0.49515 0.154662 0.0443251 0.00357789 0 0 0 0 0 
367 0.0380952 0.380643 0.543051 0.0382107 0 0 0 0 0 0 
368 0 0.658517 0.255616 0.068506 0.0173604 0 0 0 0 0 
369 0.0264244 0.73725 0.180439 0.0517126 0.00417421 0 0 0 0 0 
370 0.0204673 0.751435 0.157554 0.070544 0 0 0 0 0 0 
371 0.00730023 0.604228 0.340287 0.0479119 0.000271925 0 0 0 0 0 
372 0.00876027 0.725074 0.208344 0.0574943 0.00032631 0 0 0 0 0 
373 0 0.508919 0.451786 0.039295 0 0 0 0 0 0 
374 0.00835471 0.372157 0.49814 0.121348 0 0 0 0 0 0 
375 0.00876027 0.725074 0.208344 0.0574943 0.00032631 0 0 0 0 0 
376 0.0306006 0.673942 0.0749274 0.220521 8.55295e-06 0 0 0 0 0 
377 0.00730023 0.438283 0.50529 0.0488542 0.000271925 0 0 0 0 0 
378 0.00625734 0.660663 0.291779 0.0410674 0.000233079 0 0 0 0 0 
379 0.00835471 0.372157 0.49814 0.121348 0 0 0 0 0 0 
380 0.0204673 0.751435 0.157554 0.070544 0 0 0 0 0 0 
381 0.00835471 0.572157 0.29814 0.121348 0 0 0 0 0 0 
382 0 0.733333 0.133922 0.132745 0 0 0 0 0 0 
383 0.0457143 0.256771 0.651661 0.0458528 0 0 0 0 0 0 
384 0.00835471 0.372157 0.49814 0.121348 0 0 0 0 0 0 
385 0.0117712 0.857305 0.0955642 0.0353578 1.06039e-06 0 0 0 0 0 
386 0.00696226 0.310131 0.26913 0.413776 0 0 0 0 0 0 
387 0.0165168 0.80019 0.13379 0.049501 1.48454e-06 0 0 0 0 0 
388 0.00730023 0.437562 0.187225 0.36764 0.000271925 0 0 0 0 0 
389 0.0191254 0.78601 0.176714 0.018145 5.34559e-06 0 0 0 0 0 
390 0 0.610702 0.342143 0.047154 0 0 0 0 0 0 
391 0.00625734 0.375053 0.577389 0.0410674 0.000233079 0 0 0 0 0 
392 0.0164797 0.800227 0.13379 0.049501 1.48454e-06 0 0 0 0 0 
393 0.0204673 0.551435 0.357554 0.070544 0 0 0 0 0 0 
394 0.0317093 0.4847 0.416526 0.0620551 0.00500905 0 0 0 0 0 
395 0.00835471 0.372157 0.49814 0.121348 0 0 0 0 0 0 
396 0 0.458689 0.455444 0.0685061 0.0173604 0 0 0 0 0 
397 0.00876027 0.525074 0.208344 0.257494 0.00032631 0 0 0 0 0 
398 0.0164797 0.800227 0.13379 0.049501 1.48454e-06 0 0 0 0 0 
399 0.0317093 0.6847 0.216526 0.0620551 0.00500905 0 0 0 0 0 
400 0.0164797 0.800227 0.13379 0.049501 1.48454e-06 0 0 0 0 0 
401 0.0306006 0.873942 0.0664165 0.029032 8.55295e-06 0 0 0 0 0 
402 0.0317093 0.6847 0.216526 0.0620551 0.00500905 0 0 0 0 0 
403 0.0306006 0.673942 0.0664165 0.229032 8.55295e-06 0 0 0 0 0 
404 0.00835471 0.572157 0.29814 0.121348 0 0 0 0 0 0 
405 0.00490496 0.847187 0.115785 0.0319413 0.000181284 0 0 0 0 0 
406 0.0170561 0.792862 0.131295 0.0587867 0 0 0 0 0 0 
407 0.0750325 0.82951 0.0664165 0.029032 8.55295e-06 0 0 0 0 0 
408 0.164328 0.569506 0.208344 0.0574943 0.00032631 0 0 0 0 0 
409 0.0264244 0.57058 0.347108 0.0517126 0.00417421 0 0 0 0 0 
410 0.0204673 0.551435 0.157554 0.270544 0 0 0 0 0 0 
411 0.00730023 0.770895 0.173621 0.0479119 0.000271925 0 0 0 0 0 
412 0.0164797 0.800227 0.13379 0.049501 1.48454e-06 0 0 0 0 0 
413 0.0226495 0.346215 0.58314 0.0444168 0.00357789 0 0 0 0 0 
414 0.00876027 0.525203 0.408216 0.0574943 0.00032631 0 0 0 0 0 
415 0.0204673 0.551435 0.157557 0.27054 0 0 0 0 0 0 
416 0 0.658517 0.255616 0.068506 0.0173604 0 0 0 0 0 
417 0 0.658517 0.255616 0.068506 0.0173604 0 0 0 0 0 
418 0.0164797 0.600227 0.33379 0.049501 1.48454e-06 0 0 0 0 0 
419 0 0.266666 0.733333 0 0 0 0 0 0 0 
420 0.01648 0.799013 0.135005 0.049501 1.48454e-06 0 0 0 0 0 
421 0 0.675585 0.285119 0.039295 0 0 0 0 0 0 
422 0.00876027 0.725074 0.208344 0.0574943 0.00032631 0 0 0 0 0 
423 0.0164797 0.600227 0.13379 0.249501 1.48454e-06 0 0 0 0 0 
424 0.00876027 0.725074 0.208344 0.0574943 0.00032631 0 0 0 0 0 
425 0.0164797 0.800227 0.13379 0.049501 1.48454e-06 0 0 0 0 0 
426 0.133864 0.446648 0.29814 0.121348 0 0 0 0 0 0 
427 0.107416 0.608993 0.216526 0.0620551 0.00500905 0 0 0 0 0 
428 0.0320022 0.872541 0.0664165 0.029032 8.55295e-06 0 0 0 0 0 
429 0.00876027 0.725074 0.208344 0.0574943 0.00032631 0 0 0 0 0 
430 0.00876027 0.725074 0.208344 0.0574943 0.00032631 0 0 0 0 0 
431 0 0.458518 0.455615 0.068506 0.0173604 0 0 0 0 0 
432 0 0.733333 0.133922 0.132745 0 0 0 0 0 0 
433 0.00876108 0.725073 0.208344 0.0574943 0.00032631 0 0 0 0 0 
434 0.0137331 0.666707 0.111671 0.207888 1.23712e-06 0 0 0 0 0 
435 0.00835471 0.372157 0.49814 0.121348 0 0 0 0 0 0 
436 0 0.548765 0.37968 0.0570883 0.014467 0 0 0 0 0 
437 0.0164797 0.600227 0.13379 0.249501 1.48454e-06 0 0 0 0 0 
438 0.00876027 0.725074 0.208344 0.0574943 0.00032631 0 0 0 0 0 
439 0.067249 0.837294 0.0664165 0.029032 8.55295e-06 0 0 0 0 0 
440 0.172112 0.561723 0.208344 0.0574943 0.00032631 0 0 0 0 0 
441 0.00625734 0.803624 0.148817 0.0410674 0.000233079 0 0 0 0 0 
442 0.00876027 0.725074 0.208344 0.0574943 0.00032631 0 0 0 0 0 
443 0.0170561 0.623159 0.300997 0.0587867 0 0 0 0 0 0 
444 0 0.458518 0.455615 0.068506 0.0173604 0 0 0 0 0 
445 0.128841 0.602707 0.231195 0.0344751 0.00278281 0 0 0 0 0 
446 0 0.658517 0.255616 0.068506 0.0173604 0 0 0 0 0 
447 0 0.658517 0.255616 0.068506 0.0173604 0 0 0 0 0 
448 0.0164797 0.800227 0.13379 0.049501 1.48454e-06 0 0 0 0 0 
449 0.0204673 0.751435 0.157554 0.070544 0 0 0 0 0 0 
450 0.0164797 0.800227 0.13379 0.049501 1.48454e-06 0 0 0 0 0 
451 0.0164797 0.800227 0.13379 0.049501 1.48454e-06 0 0 0 0 0 
452 0.00876027 0.725074 0.208344 0.0574943 0.00032631 0 0 0 0 0 
453 0 0.658517 0.255616 0.068506 0.0173604 0 0 0 0 0 
454 0.00876027 0.725074 0.208344 0.0574943 0.00032631 0 0 0 0 0 
455 0.0317093 0.6847 0.216526 0.0620551 0.00500905 0 0 0 0 0 
456 0.00876027 0.725074 0.208344 0.0574943 0.00032631 0 0 0 0 0 
457 0 0.658517 0.255616 0.068506 0.0173604 0 0 0 0 0 
458 0.00876027 0.528718 0.404701 0.0574943 0.00032631 0 0 0 0 0 
459 0.0317093 0.6847 0.216526 0.0620551 0.00500905 0 0 0 0 0 
460 0 0.658517 0.255616 0.068506 0.0173604 0 0 0 0 0 
461 0.0317093 0.6847 0.216526 0.0620551 0.00500905 0 0 0 0 0 
462 0.0317093 0.6847 0.216526 0.0620551 0.00500905 0 0 0 0 0 
463 0.0204673 0.751435 0.157554 0.070544 0 0 0 0 0 0 
464 0.0317093 0.4847 0.416526 0.0620551 0.00500905 0 0 0 0 0 
465 0.0317093 0.6847 0.216526 0.0620551 0.00500905 0 0 0 0 0 
466 0.0499668 0.923908 0.0261255 0 0 0 0 0 0 0 
467 0.00835471 0.572157 0.29814 0.121348 0 0 0 0 0 0 
468 0 0.610702 0.342143 0.047154 0 0 0 0 0 0 
469 0.00730023 0.586296 0.191553 0.214579 0.000271925 0 0 0 0 0 
470 0.00876027 0.725074 0.208344 0.0574943 0.00032631 0 0 0 0 0 
471 0.0457143 0.456771 0.451661 0.0458528 0 0 0 0 0 0 
472 0.0164797 0.800227 0.13379 0.049501 1.48454e-06 0 0 0 0 0 
473 0.0457143 0.456771 0.451661 0.0458528 0 0 0 0 0 0 
474 0.288889 0 0.509879 0.201231 0 0 0 0 0 0 
475 0 0.171495 0.828504 0 0 0 0 0 0 0 
476 0.00835471 0.372157 0.49814 0.121348 0 0 0 0 0 0 
477 0.0204673 0.751434 0.157554 0.070544 0 0 0 0 0 0 
478 0.0317093 0.6847 0.216526 0.0620551 0.00500905 0 0 0 0 0 
479 0.0204673 0.551435 0.157554 0.270544 0 0 0 0 0 0 
480 0.0139094 0.942701 0.0301894 0.0131964 3.8877e-06 0 0 0 0 0 
481 0.0102337 0.875717 0.0787768 0.035272 0 0 0 0 0 0 
482 0.0164797 0.800227 0.13379 0.049501 1.48454e-06 0 0 0 0 0 
483 0.0204673 0.751435 0.157554 0.070544 0 0 0 0 0 0 
484 0.00876027 0.525096 0.408322 0.0574943 0.00032631 0 0 0 0 0 
485 0.00876027 0.725074 0.208344 0.0574943 0.00032631 0 0 0 0 0 
486 0.00876027 0.525074 0.408344 0.0574943 0.00032631 0 0 0 0 0 
487 0.00730023 0.604228 0.340287 0.0479119 0.000271925 0 0 0 0 0 
488 0 0.733333 0.133922 0.132745 0 0 0 0 0 0 
489 0.00835471 0.374887 0.495409 0.121348 0 0 0 0 0 0 
490 0.00876027 0.525074 0.408344 0.0574943 0.00032631 0 0 0 0 0 
491 0 0.533333 0.134805 0.331861 0 0 0 0 0 0 
492 0.0204673 0.551435 0.157554 0.270544 0 0 0 0 0 0 
493 0.0164797 0.800227 0.13379 0.049501 1.48454e-06 0 0 0 0 0 
494 0 0.658517 0.255616 0.068506 0.0173604 0 0 0 0 0 
495 0.0164797 0.800227 0.13379 0.049501 1.48454e-06 0 0 0 0 0 
496 0.0204673 0.551435 0.357554 0.070544 0 0 0 0 0 0 
497 0.00876027 0.525074 0.408344 0.0574943 0.00032631 0 0 0 0 0 
498 0.0306006 0.873942 0.0664165 0.029032 8.55295e-06 0 0 0 0 0 
499 0.00835471 0.372189 0.498107 0.121348 0 0 0 0 0 0 
500 0.0164797 0.600227 0.33379 0.049501 1.48454e-06 0 0 0 0 0 
501 0.0164797 0.600227 0.13379 0.249501 1.48454e-06 0 0 0 0 0 
502 0 0.666666 0.333333 0 0 0 0 0 0 0 
503 0 0.388561 0.51337 0.087219 0.0108503 0 0 0 0 0 
504 0 0.410702 0.382818 0.206479 0 0 0 0 0 0 
505 0.0234686 0.249854 0.680193 0.0229547 0.0235295 0 0 0 0 0 
506 0.0204673 0.551435 0.357554 0.070544 0 0 0 0 0 0 
507 0 0.458518 0.255616 0.068506 0.21736 0 0 0 0 0 
508 0.00876027 0.725074 0.208344 0.0574943 0.00032631 0 0 0 0 0 
509 0.00835471 0.572157 0.29814 0.121348 0 0 0 0 0 0 
510 0.0168822 0.736791 0.0309415 0.215384 0 0 0 0 0 0 
511 0 0.410702 0.542143 0.047154 0 0 0 0 0 0 
512 0.0164797 0.800227 0.13379 0.049501 1.48454e-06 0 0 0 0 0 
513 0.0317093 0.4847 0.416526 0.0620551 0.00500905 0 0 0 0 0 
514 0.00876027 0.725074 0.208344 0.0574943 0.00032631 0 0 0 0 0 
515 0.0204673 0.751435 0.157554 0.070544 0 0 0 0 0 0 
516 0.0204673 0.751435 0.157554 0.070544 0 0 0 0 0 0 
517 0.0306006 0.873942 0.0664165 0.029032 8.55295e-06 0 0 0 0 0 
518 0 0.658517 0.255616 0.068506 0.0173604 0 0 0 0 0 
519 0.0317093 0.484975 0.416251 0.0620551 0.00500905 0 0 0 0 0 
520 0.00924148 0.759122 0.195498 0.0359339 0.000203944 0 0 0 0 0 
521 0 0.209301 0.790698 0 0 0 0 0 0 0 
522 0 0.458518 0.255708 0.268388 0.0173856 0 0 0 0 0 
523 0.0306006 0.673942 0.066596 0.228852 8.55295e-06 0 0 0 0 0 
524 0.0170561 0.792862 0.131295 0.0587867 0 0 0 0 0 0 
525 0.0168822 0.936791 0.0309415 0.0153847 0 0 0 0 0 0 
526 0.0164797 0.600227 0.33379 0.049501 1.48454e-06 0 0 0 0 0 
527 0 0.458518 0.255616 0.268506 0.0173604 0 0 0 0 0 
528 0.0317093 0.4847 0.416526 0.0620551 0.00500905 0 0 0 0 0 
529 0.0164797 0.799844 0.134174 0.049501 1.48454e-06 0 0 0 0 0 
530 0.0457143 0.456771 0.451661 0.0458528 0 0 0 0 0 0 
531 0.0164797 0.800227 0.13379 0.049501 1.48454e-06 0 0 0 0 0 
532 0.0317093 0.4847 0.416526 0.0620551 0.00500905 0 0 0 0 0 
533 0.0317093 0.6847 0.216526 0.0620551 0.00500905 0 0 0 0 0 
534 0.0164797 0.800227 0.13379 0.049501 1.48454e-06 0 0 0 0 0 
535 0.0204673 0.751435 0.157554 0.070544 0 0 0 0 0 0 
536 0.0317093 0.4847 0.416526 0.0620551 0.00500905 0 0 0 0 0 
537 0.0317093 0.4847 0.416526 0.0620551 0.00500905 0 0 0 0 0 
538 0.0164797 0.800227 0.13379 0.049501 1.48454e-06 0 0 0 0 0 
539 0.0164797 0.600227 0.33379 0.049501 1.48454e-06 0 0 0 0 0 
540 0.0457143 0.297846 0.610587 0.0458528 0 0 0 0 0 0 
541 0.0117712 0.857305 0.0955642 0.0353578 1.06039e-06 0 0 0 0 0 
542 0.0168822 0.936791 0.0309415 0.0153847 0 0 0 0 0 0 
543 0.0146195 0.822453 0.112538 0.0503886 0 0 0 0 0 0 
544 0.0204673 0.551435 0.15759 0.270507 0 0 0 0 0 0 
545 0.00730023 0.770895 0.17362 0.0479119 0.000271925 0 0 0 0 0 
546 0.0195571 0.208333 0.733373 0.0191289 0.0196079 0 0 0 0 0 
547 0 0.658517 0.255616 0.068506 0.0173604 0 0 0 0 0 
548 0.0317093 0.4847 0.416526 0.0620555 0.00500905 0 0 0 0 0 
549 0 0.548765 0.37968 0.0570883 0.014467 0 0 0 0 0 
550 0.00876027 0.725074 0.208344 0.0574943 0.00032631 0 0 0 0 0 
551 0.00858731 0.571924 0.29814 0.121348 0 0 0 0 0 0 
552 0.0168822 0.736791 0.230941 0.0153847 0 0 0 0 0 0 
553 0.00522173 0.732371 0.186564 0.0758426 0 0 0 0 0 0 
554 0.0120305 0.857046 0.0955642 0.0353578 1.06039e-06 0 0 0 0 0 
555 0.0255005 0.894952 0.0553471 0.0241934 7.12746e-06 0 0 0 0 0 
556 0 0.658517 0.255616 0.068506 0.0173604 0 0 0 0 0 
557 0.0164797 0.640916 0.293101 0.049501 1.48454e-06 0 0 0 0 0 
558 0 0.617828 0.296305 0.068506 0.0173604 0 0 0 0 0 
559 0.0317093 0.4847 0.216526 0.262055 0.00500905 0 0 0 0 0 
560 0.0234686 0.449791 0.480256 0.0229547 0.0235295 0 0 0 0 0 
561 0 0.658517 0.255616 0.068506 0.0173604 0 0 0 0 0 
562 0.0317093 0.6847 0.216526 0.0620551 0.00500905 0 0 0 0 0 
563 0.0317093 0.6847 0.216526 0.0620551 0.00500905 0 0 0 0 0 
564 0.0317093 0.4847 0.216526 0.0620551 0.205009 0 0 0 0 0 
565 0.0317093 0.4847 0.416526 0.0620551 0.00500905 0 0 0 0 0 
566 0.00835471 0.572157 0.29814 0.121348 0 0 0 0 0 0 
567 0.00876027 0.525074 0.408344 0.0574943 0.00032631 0 0 0 0 0 
568 0.0164797 0.79293 0.141088 0.049501 1.48454e-06 0 0 0 0 0 
569 0 0.458518 0.455615 0.068506 0.0173604 0 0 0 0 0 
570 0.0204673 0.751435 0.157554 0.070544 0 0 0 0 0 0 
571 0.0164797 0.800227 0.13379 0.049501 1.48454e-06 0 0 0 0 0 
572 0.0317093 0.4847 0.216526 0.262055 0.00500905 0 0 0 0 0 
573 0.020468 0.751434 0.157554 0.070544 0 0 0 0 0 0 
574 0.0204673 0.751435 0.157554 0.070544 0 0 0 0 0 0 
575 0.00876027 0.725074 0.208344 0.0574943 0.00032631 0 0 0 0 0 
576 0.0306006 0.673942 0.266416 0.029032 8.55295e-06 0 0 0 0 0 
577 0.0306006 0.873942 0.0664165 0.029032 8.55295e-06 0 0 0 0 0 
578 0.0888889 0 0.709879 0.201231 0 0 0 0 0 0 
579 0.0164797 0.800227 0.13379 0.049501 1.48454e-06 0 0 0 0 0 
580 0.0164797 0.600234 0.333783 0.049501 1.48454e-06 0 0 0 0 0 
581 0 0.410702 0.542143 0.047154 0 0 0 0 0 0 
582 0.00876027 0.725074 0.208344 0.0574943 0.00032631 0 0 0 0 0 
583 0.0164797 0.600227 0.33379 0.049501 1.48454e-06 0 0 0 0 0 
584 0.0137471 0.666837 0.123987 0.195427 1.23712e-06 0 0 0 0 0 
585 0 0.410702 0.542143 0.047154 0 0 0 0 0 0 
586 0.0164797 0.650501 0.283516 0.049501 1.48454e-06 0 0 0 0 0 
587 0.0137331 0.624948 0.15346 0.20782 3.87415e-05 0 0 0 0 0 
588 0 0.466666 0.533333 0 0 0 0 0 0 0 
589 0 0.476643 0.43749 0.068506 0.0173604 0 0 0 0 0 
590 0.0137331 0.660694 0.284321 0.0412508 1.23712e-06 0 0 0 0 0 
591 0.0317093 0.6847 0.216526 0.0620551 0.00500905 0 0 0 0 0 
592 0 0.658517 0.255616 0.068506 0.0173604 0 0 0 0 0 
593 0 0.410702 0.342143 0.247154 0 0 0 0 0 0 
594 0.00835471 0.374117 0.483102 0.134426 0 0 0 0 0 0 
595 0.0306006 0.873942 0.0664165 0.029032 8.55295e-06 0 0 0 0 0 
596 0.00876027 0.725074 0.208344 0.0574943 0.00032631 0 0 0 0 0 
597 0 0.733333 0.133922 0.132745 0 0 0 0 0 0 
598 0 0.458518 0.255616 0.268506 0.0173604 0 0 0 0 0 
599 0 0.458518 0.255616 0.0692432 0.216623 0 0 0 0 0 
600 0.00876027 0.536627 0.396792 0.0574943 0.00032631 0 0 0 0 0 
601 0.0317093 0.4847 0.416526 0.0620551 0.00500905 0 0 0 0 0 
602 0 0.458518 0.455615 0.068506 0.0173604 0 0 0 0 0 
603 0.0204673 0.551435 0.357554 0.070544 0 0 0 0 0 0 
604 0.0164797 0.600227 0.13379 0.249501 1.48454e-06 0 0 0 0 0 
605 0.0164797 0.800227 0.13379 0.049501 1.48454e-06 0 0 0 0 0 
606 0.0164797 0.800227 0.13379 0.049501 1.48454e-06 0 0 0 0 0 
607 0 0.458518 0.455615 0.068506 0.0173604 0 0 0 0 0 
608 0.0457143 0.256771 0.451731 0.245783 0 0 0 0 0 0 
609 0.0168822 0.736791 0.230941 0.0153847 0 0 0 0 0 0 
610 0.00835471 0.372201 0.428955 0.190489 0 0 0 0 0 0 
611 0.00876027 0.725074 0.208344 0.0574943 0.00032631 0 0 0 0 0 
612 0.0204673 0.751435 0.157554 0.070544 0 0 0 0 0 0 
613 0.0168822 0.936791 0.0309415 0.0153847 0 0 0 0 0 0 
614 0 0.458518 0.455615 0.068506 0.0173604 0 0 0 0 0 
615 0 0.458518 0.258956 0.265165 0.0173604 0 0 0 0 0 
616 0 0.658517 0.255616 0.068506 0.0173604 0 0 0 0 0 
617 0.0218576 0.624245 0.333155 0.0207372 6.10925e-06 0 0 0 0 0 
618 0.0457143 0.456771 0.451661 0.0458528 0 0 0 0 0 0 
619 0 0.458581 0.455552 0.068506 0.0173604 0 0 0 0 0 
620 0 0 0.999999 0 0 0 0 0 0 0 
621 0.0234686 0.315405 0.614641 0.0229547 0.0235295 0 0 0 0 0 
622 0.0317093 0.61915 0.282076 0.0620551 0.00500905 0 0 0 0 0 
623 0.00876027 0.525194 0.408198 0.0575209 0.00032631 0 0 0 0 0 
624 0.00876027 0.525074 0.408344 0.0574943 0.00032631 0 0 0 0 0 
625 0.0317093 0.4847 0.216526 0.262055 0.00500905 0 0 0 0 0 
626 0.0164797 0.800227 0.13379 0.049501 1.48454e-06 0 0 0 0 0 
627 0.00876027 0.725074 0.208344 0.0574943 0.00032631 0 0 0 0 0 
628 0.0164797 0.600355 0.333662 0.049501 1.48454e-06 0 0 0 0 0 
629 0.0164797 0.8001 0.133918 0.049501 1.48454e-06 0 0 0 0 0 
630 0.0204673 0.551435 0.357554 0.070544 0 0 0 0 0 0 
631 0.0306392 0.873904 0.0664165 0.029032 8.55295e-06 0 0 0 0 0 
632 0.00835471 0.372157 0.49814 0.121348 0 0 0 0 0 0 
633 0 0.171649 0.828351 0 0 0 0 0 0 0 
634 0.0204673 0.751435 0.157554 0.070544 0 0 0 0 0 0 
635 0.0306006 0.873942 0.0664165 0.029032 8.55295e-06 0 0 0 0 0 
636 0 0.658517 0.255616 0.068506 0.0173604 0 0 0 0 0 
637 0.0317093 0.485179 0.416047 0.0620551 0.00500905 0 0 0 0 0 
638 0 0.458518 0.255616 0.268506 0.0173604 0 0 0 0 0 
639 0.0306006 0.873942 0.0664165 0.029032 8.55295e-06 0 0 0 0 0 
640 0 0.266666 0.733333 0 0 0 0 0 0 0 
