2 0 0.181189 0.818811 0 0 0 0 0 0 0 
3 0.0197336 0.554886 0.156768 0.268612 0 0 0 0 0 0 
4 0.008585 0.725507 0.207977 0.0534874 0.0044428 1.5037e-07 0 0 0 0 
5 0.00715417 0.60298 0.34159 0.0445729 0.00370233 1.25309e-07 0 0 0 0 
6 0.00241844 0.958728 0.0388535 0 0 0 0 0 0 0 
7 0.008585 0.725507 0.207977 0.0534874 0.0044428 1.5037e-07 0 0 0 0 
8 0 0.606246 0.345946 0.0478069 0 0 0 0 0 0 
9 0 0.4 0.6 0 0 0 0 0 0 0 
10 0.0191407 0.91317 0.050187 0.0174954 7.11125e-06 0 0 0 0 0 
11 0 0.661267 0.284787 0.0430954 0.0108498 0 0 0 0 0 
12 0.00315262 0.982958 0.0110316 0.00285639 1.16102e-06 0 0 0 0 0 
13 0.0305634 0.873642 0.067791 0.0279926 1.1378e-05 0 0 0 0 0 
14 0.0174922 0.936196 0.0309263 0.0153847 0 0 0 0 0 0 
15 0.0145817 0.822968 0.112062 0.050388 0 0 0 0 0 0 
16 0.00715417 0.604589 0.339981 0.0445729 0.00370233 1.25309e-07 0 0 0 0 
17 0 0.671872 0.288289 0.0398391 0 0 0 0 0 0 
18 0.0606745 0.914116 0.0178402 0.00736647 2.99421e-06 0 0 0 0 0 
19 0.00390228 0.875231 0.0945352 0.0243125 0.00201945 0 0 0 0 0 
20 0.00874611 0.967783 0.0157784 0.00769233 0 0 0 0 0 0 
21 0 0 0.999999 0 0 0 0 0 0 0 
22 0.00876536 0.571912 0.300082 0.11924 0 0 0 0 0 0 
23 0 0.458229 0.455458 0.0689527 0.0173597 0 0 0 0 0 
24 0.0313091 0.68583 0.214947 0.0627912 0.0051216 0 0 0 0 0 
25 0.155352 0.811569 0.0220902 0.010989 0 0 0 0 0 0 
26 0.0254697 0.894701 0.0564927 0.0233271 9.48167e-06 0 0 0 0 0 
27 0.00876536 0.571912 0.300082 0.11924 0 0 0 0 0 0 
28 0.192757 0.571525 0.179123 0.052326 0.004268 0 0 0 0 0 
29 0.0174922 0.936196 0.0309263 0.0153847 0 0 0 0 0 0 
30 0 0.180878 0.819121 0 0 0 0 0 0 0 
31 0.008585 0.525528 0.407956 0.0534874 0.0044428 1.5037e-07 0 0 0 0 
32 0.023483 0.243563 0.488786 0.220638 0.0235295 0 0 0 0 0 
33 0.00876536 0.570219 0.301775 0.11924 0 0 0 0 0 0 
34 0.0142807 0.766237 0.188613 0.0285414 0.002328 0 0 0 0 0 
35 0.229038 0.736749 0.0242111 0.00999735 4.06357e-06 0 0 0 0 0 
36 0.0139319 0.665412 0.279559 0.0410957 1.5836e-06 0 0 0 0 0 
37 0.0313091 0.48583 0.414947 0.0627912 0.0051216 0 0 0 0 0 
38 0.00583074 0.978732 0.0103088 0.00512822 0 0 0 0 0 0 
39 0 0.466666 0.533333 0 0 0 0 0 0 0 
40 0.00974752 0.96433 0.0173757 0.00854704 0 0 0 0 0 0 
41 0.0457143 0.457017 0.451416 0.0458512 0 0 0 0 0 0 
42 0.008585 0.525507 0.407977 0.0534874 0.0044428 1.5037e-07 0 0 0 0 
43 0.0139319 0.665411 0.279559 0.0410962 1.5836e-06 0 0 0 0 0 
44 0.0313091 0.48583 0.414946 0.0627923 0.0051216 0 0 0 0 0 
45 0.0313091 0.68583 0.214947 0.0627912 0.0051216 0 0 0 0 0 
46 0.0191021 0.550184 0.409054 0.021653 7.11125e-06 0 0 0 0 0 
47 0.00536563 0.602994 0.230433 0.15843 0.00277675 0 0 0 0 0 
48 0.0223637 0.775593 0.153534 0.0448508 0.00365829 0 0 0 0 0 
49 0 0.458229 0.455458 0.0689527 0.0173597 0 0 0 0 0 
50 0.00931996 0.906912 0.0637934 0.018468 0.00150635 0 0 0 0 0 
51 0.111688 0.116836 0.750063 0.0214136 0 0 0 0 0 0 
52 0.0042925 0.862754 0.103989 0.0267437 0.0022214 0 0 0 0 0 
53 0 0.458229 0.255458 0.268953 0.0173597 0 0 0 0 0 
54 0.0164447 0.795738 0.129031 0.058786 0 0 0 0 0 0 
55 0.0313091 0.68583 0.214947 0.0627912 0.0051216 0 0 0 0 0 
56 0.0380952 0.214181 0.709514 0.0382093 0 0 0 0 0 0 
57 0.0167183 0.745457 0.188508 0.0493149 1.90032e-06 0 0 0 0 0 
58 0.0223637 0.450429 0.478698 0.0448508 0.00365829 0 0 0 0 0 
59 0 0.606246 0.345946 0.0478069 0 0 0 0 0 0 
60 0.00486965 0.206618 0.722268 0.0662445 0 0 0 0 0 0 
61 0.0167183 0.798494 0.135471 0.0493149 1.90032e-06 0 0 0 0 0 
62 0.174076 0.363312 0.439098 0.023515 0 0 0 0 0 0 
63 0.0140954 0.590074 0.345443 0.050388 0 0 0 0 0 0 
64 0.0146769 0.260374 0.695726 0.0145173 0.0147059 0 0 0 0 0 
65 0 0.6 0.4 0 0 0 0 0 0 0 
66 0.0191021 0.921026 0.0423694 0.0174954 7.11125e-06 0 0 0 0 0 
67 0 0.658229 0.255458 0.0689527 0.0173597 0 0 0 0 0 
68 0.0313091 0.68583 0.214947 0.0627912 0.0051216 0 0 0 0 0 
69 0.0197336 0.754886 0.154837 0.0705432 0 0 0 0 0 0 
70 0.0313091 0.68583 0.214947 0.0627912 0.0051216 0 0 0 0 0 
71 0.192136 0.728035 0.0564925 0.0233271 9.48167e-06 0 0 0 0 0 
72 0.008585 0.686214 0.24727 0.0534874 0.0044428 1.5037e-07 0 0 0 0 
73 0.00759997 0.779671 0.190312 0.0224159 8.6378e-07 0 0 0 0 0 
74 0.023483 0.443562 0.486199 0.0232254 0.0235295 0 0 0 0 0 
75 0.0167183 0.605172 0.328792 0.0493149 1.90032e-06 0 0 0 0 0 
76 0.0139768 0.971219 0.0099963 0.00480771 0 0 0 0 0 0 
77 0.0305634 0.873642 0.067791 0.0279926 1.1378e-05 0 0 0 0 0 
78 0.00391866 0.800791 0.171153 0.0222864 0.00185117 0 0 0 0 0 
79 0 0.458229 0.455458 0.0689527 0.0173597 0 0 0 0 0 
80 0.0457143 0.262259 0.646175 0.0458512 0 0 0 0 0 0 
81 0.0195682 0.305062 0.504294 0.167874 0.003201 0 0 0 0 0 
82 0.0167183 0.798494 0.135471 0.0493149 1.90032e-06 0 0 0 0 0 
83 0.0197336 0.554886 0.354836 0.0705432 0 0 0 0 0 0 
84 0 0.458229 0.455458 0.0689527 0.0173597 0 0 0 0 0 
85 0.008585 0.725507 0.207977 0.0534874 0.0044428 1.5037e-07 0 0 0 0 
86 0 0.658229 0.255458 0.0689527 0.0173597 0 0 0 0 0 
87 0.0197336 0.556045 0.352858 0.0713627 0 0 0 0 0 0 
88 0 0.606245 0.345948 0.0478069 0 0 0 0 0 0 
89 0.00876536 0.371912 0.500082 0.11924 0 0 0 0 0 0 
90 0 0.658229 0.255458 0.0689527 0.0173597 0 0 0 0 0 
91 0 0.458229 0.455458 0.0689527 0.0173597 0 0 0 0 0 
92 0.0305634 0.673642 0.0677998 0.227984 1.1378e-05 0 0 0 0 0 
93 0.0313091 0.48583 0.414947 0.0627912 0.0051216 0 0 0 0 0 
94 0.0140954 0.824919 0.110598 0.050388 0 0 0 0 0 0 
95 0.0753334 0.722623 0.153534 0.0448508 0.00365829 0 0 0 0 0 
96 0.285467 0.560543 0.112892 0.0410957 1.5836e-06 0 0 0 0 0 
97 0 0.150732 0.849267 0 0 0 0 0 0 0 
98 0 0.658229 0.255458 0.0689527 0.0173597 0 0 0 0 0 
99 0.0167183 0.798494 0.135471 0.0493149 1.90032e-06 0 0 0 0 0 
100 0.008585 0.525507 0.207977 0.253487 0.0044428 1.5037e-07 0 0 0 0 
101 0.0313091 0.68583 0.214947 0.0627912 0.0051216 0 0 0 0 0 
102 0.0197339 0.754886 0.154837 0.0705432 0 0 0 0 0 0 
103 0.0167183 0.798494 0.135471 0.0493149 1.90032e-06 0 0 0 0 0 
104 0.0313091 0.48583 0.414947 0.0627912 0.0051216 0 0 0 0 0 
105 0.0167183 0.798494 0.135471 0.0493149 1.90032e-06 0 0 0 0 0 
106 0 0.656478 0.303682 0.0398391 0 0 0 0 0 0 
107 0.00876536 0.371912 0.500082 0.11924 0 0 0 0 0 0 
108 0.008585 0.525507 0.407977 0.0534874 0.0044428 1.5037e-07 0 0 0 0 
109 0.10514 0.312734 0.551257 0.0285415 0.002328 0 0 0 0 0 
110 0.0305634 0.873642 0.067791 0.0279926 1.1378e-05 0 0 0 0 0 
111 0 0.433033 0.529238 0.0377293 0 0 0 0 0 0 
112 0.00876536 0.371912 0.300082 0.31924 0 0 0 0 0 0 
113 0.0195692 0.369636 0.571832 0.0193545 0.0196079 0 0 0 0 0 
114 0.00876536 0.371912 0.500082 0.11924 0 0 0 0 0 0 
115 0.0195692 0.203171 0.738297 0.0193545 0.0196079 0 0 0 0 0 
116 0.00715417 0.604586 0.173317 0.211239 0.00370233 1.25309e-07 0 0 0 0 
117 0.0223637 0.492293 0.436833 0.0448512 0.00365829 0 0 0 0 0 
118 0.023483 0.443562 0.486199 0.0232254 0.0235295 0 0 0 0 0 
119 0.204762 0.380848 0.37618 0.0382093 0 0 0 0 0 0 
120 0.00730447 0.309927 0.416735 0.266033 0 0 0 0 0 0 
121 0.00715417 0.604259 0.173644 0.211239 0.00370233 1.25309e-07 0 0 0 0 
122 0.0313091 0.48583 0.414947 0.0627912 0.0051216 0 0 0 0 0 
123 0.0224166 0.489826 0.177208 0.306891 0.00365829 0 0 0 0 0 
124 0.00536563 0.714487 0.219165 0.0582051 0.00277675 0 0 0 0 0 
125 0 0.835936 0.144144 0.0199195 0 0 0 0 0 0 
126 0.0197336 0.554886 0.154837 0.270543 0 0 0 0 0 0 
127 0.008585 0.725507 0.207977 0.0534874 0.0044428 1.5037e-07 0 0 0 0 
128 0.00860262 0.725489 0.207977 0.0534874 0.0044428 1.5037e-07 0 0 0 0 
129 0.0195682 0.565189 0.372797 0.0392445 0.003201 0 0 0 0 0 
130 0 0.715191 0.212882 0.0574606 0.0144664 0 0 0 0 0 
131 0.0313091 0.68583 0.214947 0.0627912 0.0051216 0 0 0 0 0 
132 0.00876553 0.571912 0.300082 0.11924 0 0 0 0 0 0 
133 0.00876536 0.371912 0.500082 0.11924 0 0 0 0 0 0 
134 0 0.406246 0.545946 0.0478069 0 0 0 0 0 0 
135 0.0313091 0.68583 0.214947 0.0627912 0.0051216 0 0 0 0 0 
136 0.00876536 0.374572 0.497422 0.11924 0 0 0 0 0 0 
137 0 0.406246 0.545946 0.0478069 0 0 0 0 0 0 
138 0.0313091 0.48583 0.227602 0.250136 0.0051216 0 0 0 0 0 
139 0.0167183 0.598494 0.335471 0.0493149 1.90032e-06 0 0 0 0 0 
140 0.0195683 0.803641 0.134344 0.0392445 0.003201 0 0 0 0 0 
141 0.0223637 0.775593 0.153534 0.0448508 0.00365829 0 0 0 0 0 
142 0 0.658229 0.255458 0.0689527 0.0173597 0 0 0 0 0 
143 0 0.406246 0.545946 0.0478069 0 0 0 0 0 0 
144 0.00858528 0.725507 0.207977 0.0534874 0.0044428 1.5037e-07 0 0 0 0 
145 0.0305634 0.873642 0.067791 0.0279926 1.1378e-05 0 0 0 0 0 
146 0.0313091 0.68583 0.214947 0.0627912 0.0051216 0 0 0 0 0 
147 0.00876536 0.371912 0.300082 0.31924 0 0 0 0 0 0 
148 0.0260909 0.738192 0.179123 0.052326 0.004268 0 0 0 0 0 
149 0.008585 0.725507 0.207977 0.0534874 0.0044428 1.5037e-07 0 0 0 0 
150 0 0.999999 0 0 0 0 0 0 0 0 
151 0.0167183 0.798494 0.135471 0.0493149 1.90032e-06 0 0 0 0 0 
152 0.0167183 0.798494 0.135471 0.0493149 1.90032e-06 0 0 0 0 0 
153 0.0457143 0.457017 0.451416 0.0458512 0 0 0 0 0 0 
154 0.0457143 0.257018 0.651416 0.0458512 0 0 0 0 0 0 
155 0.0174922 0.936196 0.0309263 0.0153847 0 0 0 0 0 0 
156 0.021831 0.610052 0.195917 0.1719 0.000299576 0 0 0 0 0 
157 0 0.755878 0.18247 0.0492519 0.0123998 0 0 0 0 0 
158 0 0.255133 0.718307 0.0265603 0 0 0 0 0 0 
159 0.0139319 0.832078 0.112892 0.0410957 1.5836e-06 0 0 0 0 0 
160 0.101606 0.697192 0.172889 0.0261794 0.002134 0 0 0 0 0 
161 0.0164447 0.795738 0.129031 0.058786 0 0 0 0 0 0 
162 0.00876536 0.571912 0.300082 0.11924 0 0 0 0 0 0 
163 0.0313091 0.68583 0.214947 0.0627912 0.0051216 0 0 0 0 0 
164 0.0167183 0.599124 0.33484 0.0493149 1.90032e-06 0 0 0 0 0 
165 0.00876536 0.571912 0.300082 0.11924 0 0 0 0 0 0 
166 0 0.613021 0.18247 0.192109 0.0123998 0 0 0 0 0 
167 0.023483 0.443562 0.486199 0.0232254 0.0235295 0 0 0 0 0 
168 0.0197336 0.754886 0.154837 0.0705432 0 0 0 0 0 0 
169 0.120399 0.760212 0.0919906 0.0273972 1.05573e-06 0 0 0 0 0 
170 0.0260909 0.404859 0.179123 0.385659 0.004268 0 0 0 0 0 
171 0.0313091 0.48583 0.414944 0.0627943 0.0051216 0 0 0 0 0 
172 0 0.385842 0.542231 0.0574606 0.0144664 0 0 0 0 0 
173 0.473334 0.51592 0.0107464 0 0 0 0 0 0 0 
174 0.0313091 0.48583 0.214947 0.262791 0.0051216 0 0 0 0 0 
175 0.0305634 0.873642 0.067791 0.0279926 1.1378e-05 0 0 0 0 0 
176 0.0167183 0.798494 0.135471 0.0493149 1.90032e-06 0 0 0 0 0 
177 0.0197336 0.754886 0.154837 0.0705432 0 0 0 0 0 0 
178 0.0167183 0.798494 0.135471 0.0493149 1.90032e-06 0 0 0 0 0 
179 0.00876536 0.371912 0.500082 0.11924 0 0 0 0 0 0 
180 0.0167183 0.598494 0.335471 0.0493149 1.90032e-06 0 0 0 0 0 
181 0 0.715191 0.212882 0.0574606 0.0144664 0 0 0 0 0 
182 0.0457143 0.457017 0.451416 0.0458512 0 0 0 0 0 0 
183 0.00876581 0.571912 0.300082 0.11924 0 0 0 0 0 0 
184 0 0.658229 0.255458 0.0689527 0.0173597 0 0 0 0 0 
185 0.0197336 0.754886 0.154837 0.0705432 0 0 0 0 0 0 
186 0.0197336 0.554886 0.154837 0.270543 0 0 0 0 0 0 
187 0.008585 0.525507 0.407977 0.0534874 0.0044428 1.5037e-07 0 0 0 0 
188 0.0313091 0.48583 0.414947 0.0627912 0.0051216 0 0 0 0 0 
189 0.0313091 0.48583 0.214947 0.262791 0.0051216 0 0 0 0 0 
190 0.0313091 0.68583 0.214947 0.0627912 0.0051216 0 0 0 0 0 
191 0.0120395 0.797484 0.149098 0.0382053 0.00317343 1.07407e-07 0 0 0 0 
192 0.00715534 0.604651 0.339916 0.044574 0.00370233 1.25309e-07 0 0 0 0 
193 0.0181651 0.849844 0.0967649 0.0352249 1.35737e-06 0 0 0 0 0 
194 0.0140954 0.539204 0.253455 0.193245 0 0 0 0 0 0 
195 0.0119417 0.856067 0.0967649 0.0352249 1.35737e-06 0 0 0 0 0 
196 0.0260909 0.738192 0.179123 0.052326 0.004268 0 0 0 0 0 
197 0.0114819 0.72261 0.207977 0.0534874 0.0044428 1.5037e-07 0 0 0 0 
198 0.0313091 0.48583 0.414947 0.0627912 0.0051216 0 0 0 0 0 
199 0.0174922 0.936196 0.0309263 0.0153847 0 0 0 0 0 0 
200 0 0.275883 0.724116 0 0 0 0 0 0 0 
201 0.0305634 0.873642 0.067791 0.0279926 1.1378e-05 0 0 0 0 0 
202 0 0.658229 0.255458 0.0689527 0.0173597 0 0 0 0 0 
203 0 0.406258 0.545935 0.0478069 0 0 0 0 0 0 
204 0.0305634 0.673642 0.267791 0.0279926 1.1378e-05 0 0 0 0 0 
205 0.0167183 0.798494 0.135471 0.0493149 1.90032e-06 0 0 0 0 0 
206 0.0197336 0.554925 0.354797 0.0705432 0 0 0 0 0 0 
207 0.0313091 0.685791 0.214987 0.0627912 0.0051216 0 0 0 0 0 
208 0.0457143 0.257018 0.651416 0.0458512 0 0 0 0 0 0 
209 0.008585 0.525509 0.407976 0.0534874 0.0044428 1.5037e-07 0 0 0 0 
210 0.00715417 0.613391 0.330865 0.044887 0.00370233 1.25309e-07 0 0 0 0 
211 0 0.458463 0.455224 0.0689527 0.0173597 0 0 0 0 0 
212 0.008585 0.725507 0.207977 0.0534874 0.0044428 1.5037e-07 0 0 0 0 
213 0.0457143 0.457017 0.451416 0.0458512 0 0 0 0 0 0 
214 0.0305634 0.873642 0.067791 0.0279926 1.1378e-05 0 0 0 0 0 
215 0.008585 0.725507 0.207977 0.0534874 0.0044428 1.5037e-07 0 0 0 0 
216 0.0119417 0.855987 0.0968443 0.0352249 1.35737e-06 0 0 0 0 0 
217 0.0146696 0.946737 0.0257719 0.0128205 0 0 0 0 0 0 
218 0.021831 0.645539 0.312628 0.0199948 8.12714e-06 0 0 0 0 0 
219 0.0167183 0.598494 0.335471 0.0493149 1.90032e-06 0 0 0 0 0 
220 0 0.484065 0.515934 0 0 0 0 0 0 0 
221 0.00876536 0.571912 0.300082 0.11924 0 0 0 0 0 0 
222 0.0119523 0.71319 0.0972461 0.17761 1.35737e-06 0 0 0 0 0 
223 0.0197336 0.754886 0.154837 0.0705432 0 0 0 0 0 0 
224 0.008585 0.725507 0.207977 0.0534874 0.0044428 1.5037e-07 0 0 0 0 
225 0.00715417 0.771256 0.173314 0.0445729 0.00370233 1.25309e-07 0 0 0 0 
226 0 0.606246 0.345946 0.0478069 0 0 0 0 0 0 
227 0.008585 0.725507 0.207977 0.0534874 0.0044428 1.5037e-07 0 0 0 0 
228 0.0197336 0.754886 0.154837 0.0705432 0 0 0 0 0 0 
229 0.00876536 0.571912 0.300082 0.11924 0 0 0 0 0 0 
230 0.0929534 0.27222 0.615346 0.00967724 0.00980395 0 0 0 0 0 
231 0.0197336 0.555281 0.354442 0.0705432 0 0 0 0 0 0 
232 0.0305634 0.673642 0.267791 0.0279926 1.1378e-05 0 0 0 0 0 
233 0 0.4 0.6 0 0 0 0 0 0 0 
234 0.0098668 0.877443 0.0774184 0.0352716 0 0 0 0 0 0 
235 0.0197336 0.754886 0.154837 0.0705432 0 0 0 0 0 0 
236 0.00876536 0.571912 0.300082 0.11924 0 0 0 0 0 0 
237 0.0457143 0.457017 0.451416 0.0458512 0 0 0 0 0 0 
238 0.0444445 0 0.62436 0.331196 0 0 0 0 0 0 
239 0.00876536 0.571912 0.300082 0.11924 0 0 0 0 0 0 
240 0 0.658229 0.255458 0.0689527 0.0173597 0 0 0 0 0 
241 0.249458 0.737408 0.0131344 0 0 0 0 0 0 0 
242 0 0.755878 0.18247 0.0492519 0.0123998 0 0 0 0 0 
243 0.0195692 0.202969 0.738499 0.0193545 0.0196079 0 0 0 0 0 
244 0.0224488 0.555303 0.259403 0.144739 0.0181056 0 0 0 0 0 
245 0.00876536 0.571912 0.300082 0.11924 0 0 0 0 0 0 
246 0.0197336 0.754886 0.154837 0.0705432 0 0 0 0 0 0 
247 0 0.715191 0.212882 0.0574606 0.0144664 0 0 0 0 0 
248 0.0197336 0.754886 0.154837 0.0705432 0 0 0 0 0 0 
249 0.0167183 0.798494 0.135471 0.0493149 1.90032e-06 0 0 0 0 0 
250 0.0167183 0.798494 0.135471 0.0493149 1.90032e-06 0 0 0 0 0 
251 0.0305634 0.873642 0.067791 0.0279926 1.1378e-05 0 0 0 0 0 
252 0.0313091 0.68583 0.214947 0.0627912 0.0051216 0 0 0 0 0 
253 0.0313091 0.68583 0.214947 0.0627912 0.0051216 0 0 0 0 0 
254 0.0313091 0.68583 0.214947 0.0627912 0.0051216 0 0 0 0 0 
255 0.0197336 0.554886 0.354837 0.0705432 0 0 0 0 0 0 
256 0.0197336 0.754886 0.154837 0.0705432 0 0 0 0 0 0 
257 0.0313091 0.48583 0.214947 0.262791 0.0051216 0 0 0 0 0 
258 0 0.525796 0.440056 0.0341478 0 0 0 0 0 0 
259 0.0313091 0.48583 0.214947 0.262791 0.00512164 0 0 0 0 0 
260 0.00613215 0.518219 0.43427 0.0382053 0.00317343 1.07407e-07 0 0 0 0 
261 0.0174922 0.936196 0.0309263 0.0153847 0 0 0 0 0 0 
262 0.0457143 0.257018 0.651416 0.0458512 0 0 0 0 0 0 
263 0.668454 0.331414 0.000131927 0 0 0 0 0 0 0 
264 0.0888889 0 0.707298 0.203813 0 0 0 0 0 0 
265 0.0197336 0.754886 0.154837 0.0705432 0 0 0 0 0 0 
266 0.023483 0.243563 0.686199 0.0232254 0.0235295 0 0 0 0 0 
267 0.00876536 0.371912 0.300206 0.319116 0 0 0 0 0 0 
268 0 0.406246 0.545946 0.0478069 0 0 0 0 0 0 
269 0 0.658229 0.255458 0.0689527 0.0173597 0 0 0 0 0 
270 0.00876536 0.571912 0.300082 0.11924 0 0 0 0 0 0 
271 0.0525949 0.941747 0.00565859 0 0 0 0 0 0 0 
272 0 0.658229 0.255458 0.0689527 0.0173597 0 0 0 0 0 
273 0.00876536 0.571912 0.300082 0.11924 0 0 0 0 0 0 
274 0.0167183 0.798494 0.135471 0.0493149 1.90032e-06 0 0 0 0 0 
275 0.008585 0.725507 0.207977 0.0534874 0.0044428 1.5037e-07 0 0 0 0 
276 0.0174922 0.936196 0.0309263 0.0153847 0 0 0 0 0 0 
277 0.0197336 0.754886 0.154837 0.0705432 0 0 0 0 0 0 
278 0.0167183 0.798494 0.135471 0.0493149 1.90032e-06 0 0 0 0 0 
279 0 0.658229 0.255458 0.0689527 0.0173597 0 0 0 0 0 
280 0.008585 0.525507 0.407977 0.0534874 0.0044428 1.5037e-07 0 0 0 0 
281 0.0167183 0.798494 0.135471 0.0493149 1.90032e-06 0 0 0 0 0 
282 0.0167183 0.798494 0.135471 0.0493149 1.90032e-06 0 0 0 0 0 
283 0.0313091 0.68583 0.214947 0.0627912 0.0051216 0 0 0 0 0 
284 0.0174922 0.936196 0.0309263 0.0153847 0 0 0 0 0 0 
285 0 0.458229 0.455458 0.0689527 0.0173597 0 0 0 0 0 
286 0.0260912 0.738192 0.179123 0.052326 0.004268 0 0 0 0 0 
287 0 0.381858 0.546215 0.0574606 0.0144664 0 0 0 0 0 
288 0 0.715191 0.212882 0.0574606 0.0144664 0 0 0 0 0 
289 0.0141177 0.817403 0.118091 0.050388 0 0 0 0 0 0 
290 0.0139319 0.832078 0.112892 0.0410957 1.5836e-06 0 0 0 0 0 
291 0.023483 0.243563 0.686199 0.0232254 0.0235295 0 0 0 0 0 
292 0.00876536 0.571912 0.300082 0.11924 0 0 0 0 0 0 
293 0.0167183 0.798494 0.135471 0.0493149 1.90032e-06 0 0 0 0 0 
294 0.00730447 0.309927 0.266272 0.416497 0 0 0 0 0 0 
295 0.00876536 0.571912 0.300082 0.11924 0 0 0 0 0 0 
296 0.00858503 0.725507 0.207977 0.0534874 0.0044428 1.5037e-07 0 0 0 0 
297 0.0457143 0.257018 0.651416 0.0458512 0 0 0 0 0 0 
298 0.008585 0.725507 0.207977 0.0534874 0.0044428 1.5037e-07 0 0 0 0 
299 0.0260909 0.738192 0.179123 0.052326 0.004268 0 0 0 0 0 
300 0 0.715191 0.212882 0.0574606 0.0144664 0 0 0 0 0 
301 0.0195682 0.803644 0.134342 0.0392445 0.003201 0 0 0 0 0 
302 0.0167183 0.798494 0.135471 0.0493149 1.90032e-06 0 0 0 0 0 
303 0.0488456 0.927512 0.023642 0 0 0 0 0 0 0 
304 0.0167183 0.798494 0.135471 0.0493149 1.90032e-06 0 0 0 0 0 
305 0.0164447 0.795738 0.129031 0.058786 0 0 0 0 0 0 
306 0 0.458229 0.455458 0.0689527 0.0173597 0 0 0 0 0 
307 0.0167183 0.798494 0.135471 0.0493149 1.90032e-06 0 0 0 0 0 
308 0.008585 0.525507 0.207977 0.253487 0.0044428 1.5037e-07 0 0 0 0 
309 0.0167183 0.798494 0.135471 0.0493149 1.90032e-06 0 0 0 0 0 
310 0.0313091 0.68583 0.214947 0.0627912 0.0051216 0 0 0 0 0 
311 0.0195692 0.254766 0.686702 0.0193545 0.0196079 0 0 0 0 0 
312 0.0167183 0.798494 0.135471 0.0493149 1.90032e-06 0 0 0 0 0 
313 0.0167183 0.798494 0.135471 0.0493149 1.90032e-06 0 0 0 0 0 
314 0.0380952 0.214181 0.709514 0.0382093 0 0 0 0 0 0 
315 0.0313091 0.68583 0.214947 0.0627912 0.0051216 0 0 0 0 0 
316 0.0197336 0.754886 0.154837 0.0705432 0 0 0 0 0 0 
317 0 0.298834 0.667018 0.0341478 0 0 0 0 0 0 
318 0.00876536 0.571912 0.300082 0.11924 0 0 0 0 0 0 
319 0.0260921 0.571524 0.345789 0.052326 0.004268 0 0 0 0 0 
320 0.0260909 0.571525 0.345789 0.052326 0.004268 0 0 0 0 0 
321 0.00536563 0.469221 0.489207 0.0334296 0.00277675 0 0 0 0 0 
322 0 0.606246 0.345946 0.0478069 0 0 0 0 0 0 
323 0 0.4 0.6 0 0 0 0 0 0 0 
324 0 0.458229 0.455458 0.0689527 0.0173597 0 0 0 0 0 
325 0.0197336 0.754886 0.154837 0.0705432 0 0 0 0 0 0 
326 0.0223637 0.775593 0.153534 0.0448508 0.00365829 0 0 0 0 0 
327 0.00715417 0.604589 0.339981 0.0445729 0.00370233 1.25309e-07 0 0 0 0 
328 0.008585 0.525507 0.207977 0.253487 0.0044428 1.5037e-07 0 0 0 0 
329 0.0167183 0.798494 0.135471 0.0493149 1.90032e-06 0 0 0 0 0 
330 0.0313091 0.68583 0.214947 0.0627912 0.0051216 0 0 0 0 0 
331 0.023483 0.243563 0.486199 0.0232254 0.223529 0 0 0 0 0 
332 0.0191021 0.921026 0.0423694 0.0174954 7.11125e-06 0 0 0 0 0 
333 0.0139319 0.664225 0.280745 0.041096 1.5836e-06 0 0 0 0 0 
334 0.008585 0.725507 0.207977 0.0534874 0.0044428 1.5037e-07 0 0 0 0 
335 0.0167183 0.798494 0.135471 0.0493149 1.90032e-06 0 0 0 0 0 
336 0.0167183 0.624005 0.30996 0.0493149 1.90032e-06 0 0 0 0 0 
337 0.0139319 0.832078 0.112892 0.0410957 1.5836e-06 0 0 0 0 0 
338 0.0313091 0.48583 0.414947 0.0627912 0.0051216 0 0 0 0 0 
339 0.008585 0.725507 0.207977 0.0534874 0.0044428 1.5037e-07 0 0 0 0 
340 0.0313091 0.68583 0.214947 0.0627912 0.0051216 0 0 0 0 0 
341 0.0105041 0.570174 0.300082 0.11924 0 0 0 0 0 0 
342 0.0167183 0.598494 0.335471 0.0493149 1.90032e-06 0 0 0 0 0 
343 0.0313091 0.68583 0.214947 0.0627912 0.0051216 0 0 0 0 0 
344 0 0.458229 0.293405 0.231006 0.0173597 0 0 0 0 0 
345 0.0197336 0.716939 0.192784 0.0705432 0 0 0 0 0 0 
346 0 0.458229 0.455458 0.0689527 0.0173597 0 0 0 0 0 
347 0.0197336 0.751506 0.158217 0.0705432 0 0 0 0 0 0 
348 0.008585 0.525507 0.407977 0.0534874 0.0044428 1.5037e-07 0 0 0 0 
349 0.0457143 0.257018 0.651416 0.0458512 0 0 0 0 0 0 
350 0.0167183 0.798494 0.135471 0.0493149 1.90032e-06 0 0 0 0 0 
351 0 0.222222 0.777777 0 0 0 0 0 0 0 
352 0.008585 0.527751 0.405734 0.0534874 0.0044428 1.5037e-07 0 0 0 0 
353 0 0.406246 0.345946 0.247807 0 0 0 0 0 0 
354 0.00614532 0.521316 0.2867 0.0604877 0.125348 2.36402e-06 0 0 0 0 
355 0.0457143 0.257018 0.451416 0.245851 0 0 0 0 0 0 
356 0 0.533333 0.333917 0.132749 0 0 0 0 0 0 
357 0 0.658229 0.255458 0.0689527 0.0173597 0 0 0 0 0 
358 0 0.150732 0.849267 0 0 0 0 0 0 0 
359 0.0195692 0.536302 0.405166 0.0193545 0.0196079 0 0 0 0 0 
360 0.00876536 0.371912 0.300082 0.31924 0 0 0 0 0 0 
361 0.0457143 0.257018 0.651416 0.0458512 0 0 0 0 0 0 
362 0.0313091 0.48583 0.414947 0.0627912 0.0051216 0 0 0 0 0 
363 0 0.40625 0.545942 0.047807 0 0 0 0 0 0 
364 0.021831 0.909744 0.0484221 0.0199947 8.12714e-06 0 0 0 0 0 
365 0.021831 0.909744 0.0484222 0.0199947 8.12714e-06 0 0 0 0 0 
366 0.299934 0.498023 0.153534 0.0448508 0.00365829 0 0 0 0 0 
367 0.0380952 0.380848 0.542847 0.0382093 0 0 0 0 0 0 
368 0 0.658229 0.255458 0.0689527 0.0173597 0 0 0 0 0 
369 0.0260909 0.738192 0.179123 0.052326 0.004268 0 0 0 0 0 
370 0.0197336 0.754886 0.154837 0.0705432 0 0 0 0 0 0 
371 0.00715417 0.604589 0.339981 0.0445729 0.00370233 1.25309e-07 0 0 0 0 
372 0.008585 0.725507 0.207977 0.0534874 0.0044428 1.5037e-07 0 0 0 0 
373 0 0.505205 0.454955 0.0398391 0 0 0 0 0 0 
374 0.00876536 0.371912 0.500082 0.11924 0 0 0 0 0 0 
375 0.008585 0.725507 0.207977 0.0534874 0.0044428 1.5037e-07 0 0 0 0 
376 0.0305634 0.673642 0.0791926 0.216591 1.1378e-05 0 0 0 0 0 
377 0.00715417 0.438514 0.5055 0.0451292 0.00370233 1.25309e-07 0 0 0 0 
378 0.00613215 0.661009 0.29148 0.0382053 0.00317343 1.07407e-07 0 0 0 0 
379 0.00876536 0.371912 0.500082 0.11924 0 0 0 0 0 0 
380 0.0197336 0.754886 0.154837 0.0705432 0 0 0 0 0 0 
381 0.00876536 0.571912 0.300082 0.11924 0 0 0 0 0 0 
382 0 0.733333 0.133917 0.132749 0 0 0 0 0 0 
383 0.0457143 0.257018 0.651416 0.0458512 0 0 0 0 0 0 
384 0.00876536 0.371912 0.500082 0.11924 0 0 0 0 0 0 
385 0.0119417 0.856067 0.0967649 0.0352249 1.35737e-06 0 0 0 0 0 
386 0.00730447 0.309927 0.258685 0.424083 0 0 0 0 0 0 
387 0.0167561 0.798456 0.135471 0.0493149 1.90032e-06 0 0 0 0 0 
388 0.00715417 0.437922 0.184131 0.367089 0.00370233 1.25309e-07 0 0 0 0 
389 0.0191021 0.787913 0.175482 0.0174954 7.11125e-06 0 0 0 0 0 
390 0 0.606246 0.345946 0.0478069 0 0 0 0 0 0 
391 0.00613215 0.375362 0.577127 0.0382053 0.00317343 1.07407e-07 0 0 0 0 
392 0.0167183 0.798494 0.135471 0.0493149 1.90032e-06 0 0 0 0 0 
393 0.0197336 0.554886 0.354837 0.0705432 0 0 0 0 0 0 
394 0.0313091 0.48583 0.414947 0.0627912 0.0051216 0 0 0 0 0 
395 0.00876536 0.371912 0.500082 0.11924 0 0 0 0 0 0 
396 0 0.458625 0.455062 0.0689527 0.0173597 0 0 0 0 0 
397 0.008585 0.525507 0.207977 0.253487 0.0044428 1.5037e-07 0 0 0 0 
398 0.0167183 0.798494 0.135471 0.0493149 1.90032e-06 0 0 0 0 0 
399 0.0313091 0.68583 0.214947 0.0627912 0.0051216 0 0 0 0 0 
400 0.0167183 0.798494 0.135471 0.0493149 1.90032e-06 0 0 0 0 0 
401 0.0305634 0.873642 0.067791 0.0279926 1.1378e-05 0 0 0 0 0 
402 0.0313091 0.68583 0.214947 0.0627912 0.0051216 0 0 0 0 0 
403 0.0305634 0.673642 0.067791 0.227993 1.1378e-05 0 0 0 0 0 
404 0.00876536 0.571912 0.300082 0.11924 0 0 0 0 0 0 
405 0.00480455 0.847434 0.115578 0.0297152 0.00246822 0 0 0 0 0 
406 0.0164447 0.795738 0.129031 0.058786 0 0 0 0 0 0 
407 0.0781279 0.826077 0.067791 0.0279926 1.1378e-05 0 0 0 0 0 
408 0.16102 0.573071 0.207977 0.0534874 0.0044428 1.5037e-07 0 0 0 0 
409 0.0260909 0.571522 0.345792 0.052326 0.004268 0 0 0 0 0 
410 0.0197336 0.554886 0.154837 0.270543 0 0 0 0 0 0 
411 0.00715417 0.771255 0.173315 0.0445729 0.00370233 1.25309e-07 0 0 0 0 
412 0.0167183 0.798494 0.135471 0.0493149 1.90032e-06 0 0 0 0 0 
413 0.0223637 0.347022 0.582017 0.0449387 0.00365829 0 0 0 0 0 
414 0.008585 0.52563 0.407854 0.0534874 0.0044428 1.5037e-07 0 0 0 0 
415 0.0197336 0.554886 0.15484 0.27054 0 0 0 0 0 0 
416 0 0.658229 0.255458 0.0689527 0.0173597 0 0 0 0 0 
417 0 0.658229 0.255458 0.0689527 0.0173597 0 0 0 0 0 
418 0.0167183 0.598494 0.335471 0.0493149 1.90032e-06 0 0 0 0 0 
419 0 0.266666 0.733333 0 0 0 0 0 0 0 
420 0.0167185 0.796741 0.137223 0.0493149 1.90032e-06 0 0 0 0 0 
421 0 0.671872 0.288289 0.0398391 0 0 0 0 0 0 
422 0.008585 0.725507 0.207977 0.0534874 0.0044428 1.5037e-07 0 0 0 0 
423 0.0167183 0.598494 0.135471 0.249315 1.90032e-06 0 0 0 0 0 
424 0.008585 0.725507 0.207977 0.0534874 0.0044428 1.5037e-07 0 0 0 0 
425 0.0167183 0.798494 0.135471 0.0493149 1.90032e-06 0 0 0 0 0 
426 0.140476 0.440202 0.300082 0.11924 0 0 0 0 0 0 
427 0.101352 0.615787 0.214947 0.0627912 0.0051216 0 0 0 0 0 
428 0.0319865 0.872219 0.067791 0.0279926 1.1378e-05 0 0 0 0 0 
429 0.008585 0.725507 0.207977 0.0534874 0.0044428 1.5037e-07 0 0 0 0 
430 0.008585 0.725507 0.207977 0.0534874 0.0044428 1.5037e-07 0 0 0 0 
431 0 0.458229 0.455458 0.0689527 0.0173597 0 0 0 0 0 
432 0 0.733333 0.133917 0.132749 0 0 0 0 0 0 
433 0.00858577 0.725506 0.207977 0.0534874 0.0044428 1.5037e-07 0 0 0 0 
434 0.0139319 0.665263 0.113058 0.207745 1.5836e-06 0 0 0 0 0 
435 0.00876536 0.371912 0.500082 0.11924 0 0 0 0 0 0 
436 0 0.548524 0.379549 0.0574606 0.0144664 0 0 0 0 0 
437 0.0167183 0.598494 0.135471 0.249315 1.90032e-06 0 0 0 0 0 
438 0.008585 0.725507 0.207977 0.0534874 0.0044428 1.5037e-07 0 0 0 0 
439 0.0706815 0.833524 0.067791 0.0279926 1.1378e-05 0 0 0 0 0 
440 0.168467 0.565625 0.207977 0.0534874 0.0044428 1.5037e-07 0 0 0 0 
441 0.00613215 0.803934 0.148555 0.0382053 0.00317343 1.07407e-07 0 0 0 0 
442 0.008585 0.725507 0.207977 0.0534874 0.0044428 1.5037e-07 0 0 0 0 
443 0.0164447 0.626008 0.29876 0.058786 0 0 0 0 0 0 
444 0 0.458229 0.455458 0.0689527 0.0173597 0 0 0 0 0 
445 0.128654 0.603342 0.230275 0.034884 0.00284534 0 0 0 0 0 
446 0 0.658229 0.255458 0.0689527 0.0173597 0 0 0 0 0 
447 0 0.658229 0.255458 0.0689527 0.0173597 0 0 0 0 0 
448 0.0167183 0.798494 0.135471 0.0493149 1.90032e-06 0 0 0 0 0 
449 0.0197336 0.754886 0.154837 0.0705432 0 0 0 0 0 0 
450 0.0167183 0.798494 0.135471 0.0493149 1.90032e-06 0 0 0 0 0 
451 0.0167183 0.798494 0.135471 0.0493149 1.90032e-06 0 0 0 0 0 
452 0.008585 0.725507 0.207977 0.0534874 0.0044428 1.5037e-07 0 0 0 0 
453 0 0.658229 0.255458 0.0689527 0.0173597 0 0 0 0 0 
454 0.008585 0.725507 0.207977 0.0534874 0.0044428 1.5037e-07 0 0 0 0 
455 0.0313091 0.68583 0.214947 0.0627912 0.0051216 0 0 0 0 0 
456 0.008585 0.725507 0.207977 0.0534874 0.0044428 1.5037e-07 0 0 0 0 
457 0 0.658229 0.255458 0.0689527 0.0173597 0 0 0 0 0 
458 0.008585 0.529183 0.404301 0.0534874 0.0044428 1.5037e-07 0 0 0 0 
459 0.0313091 0.68583 0.214947 0.0627912 0.0051216 0 0 0 0 0 
460 0 0.658229 0.255458 0.0689527 0.0173597 0 0 0 0 0 
461 0.0313091 0.68583 0.214947 0.0627912 0.0051216 0 0 0 0 0 
462 0.0313091 0.68583 0.214947 0.0627912 0.0051216 0 0 0 0 0 
463 0.0197336 0.754886 0.154837 0.0705432 0 0 0 0 0 0 
464 0.0313091 0.48583 0.414947 0.0627912 0.0051216 0 0 0 0 0 
465 0.0313091 0.68583 0.214947 0.0627912 0.0051216 0 0 0 0 0 
466 0.048845 0.927513 0.023642 0 0 0 0 0 0 0 
467 0.00876536 0.571912 0.300082 0.11924 0 0 0 0 0 0 
468 0 0.606246 0.345946 0.0478069 0 0 0 0 0 0 
469 0.00715417 0.604261 0.173643 0.211239 0.00370233 1.25309e-07 0 0 0 0 
470 0.008585 0.725507 0.207977 0.0534874 0.0044428 1.5037e-07 0 0 0 0 
471 0.0457143 0.457017 0.451416 0.0458512 0 0 0 0 0 0 
472 0.0167183 0.798494 0.135471 0.0493149 1.90032e-06 0 0 0 0 0 
473 0.0457143 0.457017 0.451416 0.0458512 0 0 0 0 0 0 
474 0.288889 0 0.507298 0.203813 0 0 0 0 0 0 
475 0 0.180878 0.819121 0 0 0 0 0 0 0 
476 0.00876536 0.371912 0.500082 0.11924 0 0 0 0 0 0 
477 0.0197336 0.754886 0.154837 0.0705432 0 0 0 0 0 0 
478 0.0313091 0.68583 0.214947 0.0627912 0.0051216 0 0 0 0 0 
479 0.0197336 0.554886 0.154837 0.270543 0 0 0 0 0 0 
480 0.0138925 0.942564 0.0308141 0.0127239 5.17182e-06 0 0 0 0 0 
481 0.0098668 0.877443 0.0774184 0.0352716 0 0 0 0 0 0 
482 0.0167183 0.798494 0.135471 0.0493149 1.90032e-06 0 0 0 0 0 
483 0.0197336 0.754886 0.154837 0.0705432 0 0 0 0 0 0 
484 0.008585 0.525529 0.407955 0.0534874 0.0044428 1.5037e-07 0 0 0 0 
485 0.008585 0.725507 0.207977 0.0534874 0.0044428 1.5037e-07 0 0 0 0 
486 0.008585 0.525507 0.407977 0.0534874 0.0044428 1.5037e-07 0 0 0 0 
487 0.00715417 0.604589 0.339981 0.0445729 0.00370233 1.25309e-07 0 0 0 0 
488 0 0.733333 0.133917 0.132749 0 0 0 0 0 0 
489 0.00876536 0.374612 0.497382 0.11924 0 0 0 0 0 0 
490 0.008585 0.525507 0.407977 0.0534874 0.0044428 1.5037e-07 0 0 0 0 
491 0 0.533333 0.134794 0.331873 0 0 0 0 0 0 
492 0.0197336 0.554886 0.154837 0.270543 0 0 0 0 0 0 
493 0.0167183 0.798494 0.135471 0.0493149 1.90032e-06 0 0 0 0 0 
494 0 0.658229 0.255458 0.0689527 0.0173597 0 0 0 0 0 
495 0.0167183 0.798494 0.135471 0.0493149 1.90032e-06 0 0 0 0 0 
496 0.0197336 0.554886 0.354837 0.0705432 0 0 0 0 0 0 
497 0.008585 0.525507 0.407977 0.0534874 0.0044428 1.5037e-07 0 0 0 0 
498 0.0305634 0.873642 0.067791 0.0279926 1.1378e-05 0 0 0 0 0 
499 0.00876536 0.371944 0.50005 0.11924 0 0 0 0 0 0 
500 0.0167183 0.598494 0.335471 0.0493149 1.90032e-06 0 0 0 0 0 
501 0.0167183 0.598494 0.135471 0.249315 1.90032e-06 0 0 0 0 0 
502 0 0.666666 0.333333 0 0 0 0 0 0 0 
503 0 0.382527 0.546987 0.0596356 0.0108498 0 0 0 0 0 
504 0 0.406246 0.365328 0.228425 0 0 0 0 0 0 
505 0.023483 0.243563 0.686199 0.0232254 0.0235295 0 0 0 0 0 
506 0.0197336 0.554886 0.354837 0.0705432 0 0 0 0 0 0 
507 0 0.458229 0.255458 0.0689527 0.21736 0 0 0 0 0 
508 0.008585 0.725507 0.207977 0.0534874 0.0044428 1.5037e-07 0 0 0 0 
509 0.00876536 0.571912 0.300082 0.11924 0 0 0 0 0 0 
510 0.0174922 0.736196 0.0309263 0.215384 0 0 0 0 0 0 
511 0 0.406246 0.545946 0.0478069 0 0 0 0 0 0 
512 0.0167183 0.798494 0.135471 0.0493149 1.90032e-06 0 0 0 0 0 
513 0.0313091 0.48583 0.414947 0.0627912 0.0051216 0 0 0 0 0 
514 0.008585 0.725507 0.207977 0.0534874 0.0044428 1.5037e-07 0 0 0 0 
515 0.0197336 0.754886 0.154837 0.0705432 0 0 0 0 0 0 
516 0.0197336 0.754886 0.154837 0.0705432 0 0 0 0 0 0 
517 0.0305634 0.873642 0.067791 0.0279926 1.1378e-05 0 0 0 0 0 
518 0 0.658229 0.255458 0.0689527 0.0173597 0 0 0 0 0 
519 0.0313091 0.486231 0.414546 0.0627912 0.0051216 0 0 0 0 0 
520 0.00918697 0.75835 0.196256 0.0334296 0.00277675 0 0 0 0 0 
521 0 0.228034 0.771966 0 0 0 0 0 0 0 
522 0 0.458229 0.255543 0.268844 0.0173838 0 0 0 0 0 
523 0.0305634 0.673642 0.0679693 0.227814 1.1378e-05 0 0 0 0 0 
524 0.0164447 0.795738 0.129031 0.058786 0 0 0 0 0 0 
525 0.0174922 0.936196 0.0309263 0.0153847 0 0 0 0 0 0 
526 0.0167183 0.598494 0.335471 0.0493149 1.90032e-06 0 0 0 0 0 
527 0 0.458229 0.255458 0.268953 0.0173597 0 0 0 0 0 
528 0.0313091 0.48583 0.414947 0.0627912 0.0051216 0 0 0 0 0 
529 0.0167183 0.798115 0.13585 0.0493149 1.90032e-06 0 0 0 0 0 
530 0.0457143 0.457017 0.451416 0.0458512 0 0 0 0 0 0 
531 0.0167183 0.798494 0.135471 0.0493149 1.90032e-06 0 0 0 0 0 
532 0.0313091 0.48583 0.414947 0.0627912 0.0051216 0 0 0 0 0 
533 0.0313091 0.68583 0.214947 0.0627912 0.0051216 0 0 0 0 0 
534 0.0167183 0.798494 0.135471 0.0493149 1.90032e-06 0 0 0 0 0 
535 0.0197336 0.754886 0.154837 0.0705432 0 0 0 0 0 0 
536 0.0313091 0.48583 0.414947 0.0627912 0.0051216 0 0 0 0 0 
537 0.0313091 0.48583 0.414947 0.0627912 0.0051216 0 0 0 0 0 
538 0.0167183 0.798494 0.135471 0.0493149 1.90032e-06 0 0 0 0 0 
539 0.0167183 0.598494 0.335471 0.0493149 1.90032e-06 0 0 0 0 0 
540 0.0457143 0.30066 0.607774 0.0458512 0 0 0 0 0 0 
541 0.0119417 0.856067 0.0967649 0.0352249 1.35737e-06 0 0 0 0 0 
542 0.0174922 0.936196 0.0309263 0.0153847 0 0 0 0 0 0 
543 0.0140954 0.824919 0.110598 0.050388 0 0 0 0 0 0 
544 0.0197336 0.554886 0.154872 0.270507 0 0 0 0 0 0 
545 0.00715417 0.771256 0.173314 0.0445729 0.00370233 1.25309e-07 0 0 0 0 
546 0.0195692 0.203047 0.738421 0.0193545 0.0196079 0 0 0 0 0 
547 0 0.658229 0.255458 0.0689527 0.0173597 0 0 0 0 0 
548 0.0313091 0.48583 0.414947 0.0627916 0.0051216 0 0 0 0 0 
549 0 0.548524 0.379549 0.0574606 0.0144664 0 0 0 0 0 
550 0.008585 0.725507 0.207977 0.0534874 0.0044428 1.5037e-07 0 0 0 0 
551 0.00898592 0.571692 0.300082 0.11924 0 0 0 0 0 0 
552 0.0174922 0.736196 0.230926 0.0153847 0 0 0 0 0 0 
553 0.00547839 0.732221 0.187776 0.0745251 0 0 0 0 0 0 
554 0.0121982 0.85581 0.0967649 0.0352249 1.35737e-06 0 0 0 0 0 
555 0.0254695 0.894701 0.0564925 0.0233271 9.48167e-06 0 0 0 0 0 
556 0 0.658229 0.255458 0.0689527 0.0173597 0 0 0 0 0 
557 0.0167183 0.639377 0.294587 0.0493149 1.90032e-06 0 0 0 0 0 
558 0 0.617345 0.296342 0.0689527 0.0173597 0 0 0 0 0 
559 0.0313091 0.48583 0.214947 0.262791 0.0051216 0 0 0 0 0 
560 0.023483 0.443561 0.4862 0.0232254 0.0235295 0 0 0 0 0 
561 0 0.658229 0.255458 0.0689527 0.0173597 0 0 0 0 0 
562 0.0313091 0.68583 0.214947 0.0627912 0.0051216 0 0 0 0 0 
563 0.0313091 0.68583 0.214947 0.0627912 0.0051216 0 0 0 0 0 
564 0.0313091 0.48583 0.214947 0.0627912 0.205122 0 0 0 0 0 
565 0.0313091 0.48583 0.414947 0.0627912 0.0051216 0 0 0 0 0 
566 0.00876536 0.571912 0.300082 0.11924 0 0 0 0 0 0 
567 0.008585 0.525507 0.407977 0.0534874 0.0044428 1.5037e-07 0 0 0 0 
568 0.0167183 0.798258 0.135707 0.0493149 1.90032e-06 0 0 0 0 0 
569 0 0.458229 0.455458 0.0689527 0.0173597 0 0 0 0 0 
570 0.0197336 0.754886 0.154837 0.0705432 0 0 0 0 0 0 
571 0.0167183 0.798494 0.135471 0.0493149 1.90032e-06 0 0 0 0 0 
572 0.0313091 0.48583 0.214947 0.262791 0.0051216 0 0 0 0 0 
573 0.0197342 0.754885 0.154837 0.0705432 0 0 0 0 0 0 
574 0.0197336 0.754886 0.154837 0.0705432 0 0 0 0 0 0 
575 0.008585 0.725507 0.207977 0.0534874 0.0044428 1.5037e-07 0 0 0 0 
576 0.0305634 0.673642 0.267791 0.0279926 1.1378e-05 0 0 0 0 0 
577 0.0305634 0.873642 0.067791 0.0279926 1.1378e-05 0 0 0 0 0 
578 0.0888889 0 0.707298 0.203813 0 0 0 0 0 0 
579 0.0167183 0.798494 0.135471 0.0493149 1.90032e-06 0 0 0 0 0 
580 0.0167183 0.5985 0.335464 0.0493149 1.90032e-06 0 0 0 0 0 
581 0 0.406246 0.545946 0.0478069 0 0 0 0 0 0 
582 0.008585 0.725507 0.207977 0.0534874 0.0044428 1.5037e-07 0 0 0 0 
583 0.0167183 0.598494 0.335471 0.0493149 1.90032e-06 0 0 0 0 0 
584 0.0139464 0.665392 0.130489 0.190171 1.5836e-06 0 0 0 0 0 
585 0 0.406246 0.545946 0.0478069 0 0 0 0 0 0 
586 0.0167183 0.654681 0.279284 0.0493149 1.90032e-06 0 0 0 0 0 
587 0.0139319 0.618575 0.159792 0.20765 5.01754e-05 0 0 0 0 0 
588 0 0.466666 0.533333 0 0 0 0 0 0 0 
589 0 0.478595 0.435092 0.0689527 0.0173597 0 0 0 0 0 
590 0.0139319 0.651718 0.293252 0.0410957 1.5836e-06 0 0 0 0 0 
591 0.0313091 0.68583 0.214947 0.0627912 0.0051216 0 0 0 0 0 
592 0 0.658229 0.255458 0.0689527 0.0173597 0 0 0 0 0 
593 0 0.406246 0.345946 0.247807 0 0 0 0 0 0 
594 0.00876536 0.373863 0.481578 0.135793 0 0 0 0 0 0 
595 0.0305634 0.873642 0.067791 0.0279926 1.1378e-05 0 0 0 0 0 
596 0.008585 0.725507 0.207977 0.0534874 0.0044428 1.5037e-07 0 0 0 0 
597 0 0.733333 0.133917 0.132749 0 0 0 0 0 0 
598 0 0.458229 0.255458 0.268953 0.0173597 0 0 0 0 0 
599 0 0.458229 0.255458 0.0697064 0.216606 0 0 0 0 0 
600 0.008585 0.535724 0.39776 0.0534874 0.0044428 1.5037e-07 0 0 0 0 
601 0.0313091 0.48583 0.414947 0.0627912 0.0051216 0 0 0 0 0 
602 0 0.458229 0.455458 0.0689527 0.0173597 0 0 0 0 0 
603 0.0197336 0.554886 0.354837 0.0705432 0 0 0 0 0 0 
604 0.0167183 0.598494 0.135471 0.249315 1.90032e-06 0 0 0 0 0 
605 0.0167183 0.798494 0.135471 0.0493149 1.90032e-06 0 0 0 0 0 
606 0.0167183 0.798494 0.135471 0.0493149 1.90032e-06 0 0 0 0 0 
607 0 0.458229 0.455458 0.0689527 0.0173597 0 0 0 0 0 
608 0.0457143 0.257018 0.451477 0.24579 0 0 0 0 0 0 
609 0.0174922 0.736196 0.230926 0.0153847 0 0 0 0 0 0 
610 0.00876536 0.371961 0.468265 0.151008 0 0 0 0 0 0 
611 0.008585 0.725507 0.207977 0.0534874 0.0044428 1.5037e-07 0 0 0 0 
612 0.0197336 0.754886 0.154837 0.0705432 0 0 0 0 0 0 
613 0.0174922 0.936196 0.0309263 0.0153847 0 0 0 0 0 0 
614 0 0.458229 0.455458 0.0689527 0.0173597 0 0 0 0 0 
615 0 0.458229 0.258709 0.265702 0.0173597 0 0 0 0 0 
616 0 0.658229 0.255458 0.0689527 0.0173597 0 0 0 0 0 
617 0.021831 0.62403 0.334136 0.0199947 8.12714e-06 0 0 0 0 0 
618 0.0457143 0.457017 0.451416 0.0458512 0 0 0 0 0 0 
619 0 0.458997 0.45469 0.0689527 0.0173597 0 0 0 0 0 
620 0 0 0.999999 0 0 0 0 0 0 0 
621 0.023483 0.268553 0.661209 0.0232254 0.0235295 0 0 0 0 0 
622 0.0313091 0.660841 0.239936 0.0627912 0.0051216 0 0 0 0 0 
623 0.008585 0.525605 0.407514 0.0538523 0.0044428 1.5037e-07 0 0 0 0 
624 0.008585 0.525507 0.407977 0.0534874 0.0044428 1.5037e-07 0 0 0 0 
625 0.0313091 0.48583 0.214947 0.262791 0.0051216 0 0 0 0 0 
626 0.0167183 0.798494 0.135471 0.0493149 1.90032e-06 0 0 0 0 0 
627 0.008585 0.725507 0.207977 0.0534874 0.0044428 1.5037e-07 0 0 0 0 
628 0.0167183 0.598571 0.335394 0.0493149 1.90032e-06 0 0 0 0 0 
629 0.0167183 0.798417 0.135548 0.0493149 1.90032e-06 0 0 0 0 0 
630 0.0197336 0.554886 0.354837 0.0705432 0 0 0 0 0 0 
631 0.0306002 0.873605 0.067791 0.0279926 1.1378e-05 0 0 0 0 0 
632 0.00876536 0.371912 0.500082 0.11924 0 0 0 0 0 0 
633 0 0.181044 0.818955 0 0 0 0 0 0 0 
634 0.0197336 0.754886 0.154837 0.0705432 0 0 0 0 0 0 
635 0.0305634 0.873642 0.067791 0.0279926 1.1378e-05 0 0 0 0 0 
636 0 0.658229 0.255458 0.0689527 0.0173597 0 0 0 0 0 
637 0.0313091 0.486207 0.41457 0.0627912 0.0051216 0 0 0 0 0 
638 0 0.458229 0.255458 0.268953 0.0173597 0 0 0 0 0 
639 0.0305634 0.873642 0.067791 0.0279926 1.1378e-05 0 0 0 0 0 
640 0 0.266666 0.733333 0 0 0 0 0 0 0 
