0 3 0.647408
0 7 0.0880295
0 12 0.261157
0 17 0.00340493
2 2 0.500383
2 3 0.499617
3 4 0.331357
3 5 0.334321
3 9 0.334321
4 6 1
5 4 0.335298
5 8 0.664702
6 7 0.0545402
6 17 0.94546
7 10 1
8 11 1
9 13 0.5
9 15 0.5
10 12 0.508963
10 27 0.491037
11 14 0.2001
11 16 0.599883
11 27 0.200017
12 7 0.984383
12 40 0.0156166
13 18 1
14 19 1
15 20 0.666899
15 27 0.333101
16 13 0.666667
16 225 0.333333
17 15 0.5
17 16 0.5
18 21 0.92854
18 27 0.0714597
19 22 0.142857
19 70 0.857143
20 23 0.332892
20 24 0.332892
20 73 0.166446
20 165 0.167771
21 24 0.5
21 26 0.5
22 25 1
23 28 0.5
23 30 0.5
24 29 1
25 58 1
26 31 0.5
26 33 0.5
27 32 1
28 25 1
29 34 1
30 35 0.5
30 36 0.5
31 3 0.499987
31 38 0.500013
32 12 0.660815
32 37 0.339185
33 12 0.0469052
33 39 0.953095
34 7 0.124957
34 40 0.875043
35 12 0.419382
35 112 0.290309
35 395 0.145154
35 465 0.145154
36 41 0.333334
36 55 0.333334
36 112 0.333333
37 42 0.5
37 43 0.5
38 44 1
39 45 1
40 12 0.200653
40 95 0.799347
41 36 1
42 14 0.5
42 46 0.5
43 47 0.333333
43 49 0.666667
44 48 0.5
44 50 0.5
45 51 1
46 14 0.428571
46 52 0.571429
47 53 0.626768
47 81 0.21654
47 86 0.156692
48 35 0.666667
48 182 0.333333
49 54 0.5
49 55 0.5
50 56 0.922608
50 228 0.0773918
51 3 0.0838768
51 73 0.41642
51 175 0.499704
52 59 1
53 27 0.333333
53 57 0.333333
53 60 0.333333
54 61 1
55 62 1
56 63 0.5
56 65 0.5
57 64 1
58 5 0.437576
58 66 0.562424
59 67 1
60 68 0.5
60 69 0.5
61 71 1
62 72 0.533358
62 73 0.466642
63 3 0.201004
63 63 0.402289
63 64 0.396708
64 5 0.432927
64 74 0.567073
65 75 1
66 76 1
67 73 1
68 77 1
69 78 1
70 79 1
71 205 1
72 80 0.618017
72 81 0.381983
73 73 0.139907
73 74 0.860093
74 82 1
75 3 0.490556
75 83 0.509444
76 5 0.0792627
76 84 0.920737
77 55 1
78 5 0.111682
78 72 0.777658
78 84 0.110661
79 77 0.5
79 85 0.5
80 87 0.507874
80 88 0.492126
81 7 0.438311
81 88 0.119018
81 89 0.442671
82 90 1
83 27 0.5
83 71 0.5
84 66 0.5
84 91 0.5
85 92 1
86 93 1
87 5 0.49994
87 82 0.50006
88 82 0.000119723
88 94 0.99988
89 55 0.5
89 96 0.5
90 5 1
91 94 0.5
91 97 0.5
92 81 0.333329
92 86 0.333334
92 98 0.333336
93 40 0.5
93 87 0.5
94 99 1
95 100 1
96 100 1
97 12 0.5
97 101 0.5
98 102 1
99 106 1
100 103 0.333333
100 105 0.333333
100 107 0.333333
101 104 1
102 12 1
103 108 1
104 40 0.5
104 109 0.5
105 110 1
106 88 0.0507935
106 101 0.949206
107 40 0.5
107 104 0.5
108 56 0.5
108 111 0.5
109 7 0.544948
109 257 0.455052
110 113 1
111 27 0.259648
111 104 0.370176
111 114 0.370176
112 69 0.333333
112 115 0.333333
112 116 0.333333
113 56 1
114 117 0.5
114 121 0.5
115 3 0.499938
115 119 0.500062
116 27 0.500004
116 120 0.499996
117 118 0.366234
117 122 0.211255
117 214 0.422511
118 56 1
119 123 1
120 14 0.4
120 73 0.2
120 127 0.2
120 365 0.2
121 124 0.24998
121 126 0.49996
121 128 0.25006
122 125 0.5
122 129 0.5
123 7 0.464887
123 12 0.22404
123 478 0.311074
124 73 0.414213
124 130 0.585787
125 71 1
126 5 0.333333
126 27 0.333333
126 64 0.333333
127 131 1
128 5 1
129 43 0.169694
129 88 0.321226
129 132 0.509081
130 133 1
131 134 1
132 12 1
133 135 0.5
133 137 0.5
134 136 0.5
134 138 0.5
135 139 1
136 12 0.497705
136 116 0.502295
137 4 0.5
137 140 0.5
138 3 0.659562
138 141 0.340438
139 142 0.5
139 143 0.5
140 27 1
141 144 0.666667
141 155 0.333333
142 145 1
143 146 0.5
143 147 0.5
144 12 1
145 148 1
146 149 1
147 87 0.333333
147 150 0.333333
147 151 0.333333
148 152 1
149 153 1
150 154 1
151 156 1
152 3 1
153 158 1
154 157 1
155 159 1
156 5 0.160567
156 27 0.306095
156 73 0.0741953
156 160 0.306095
156 476 0.153048
157 161 1
158 5 0.504712
158 74 0.495288
159 162 1
160 12 0.120057
160 88 0.246223
160 141 0.126794
160 321 0.506926
161 163 1
162 74 1
163 164 1
164 165 0.498001
164 166 0.501999
165 167 1
166 168 0.4
166 169 0.6
167 170 1
168 171 1
169 14 0.274082
169 173 0.725918
170 27 0.333333
170 107 0.333333
170 172 0.333333
171 123 0.0183385
171 174 0.490831
171 176 0.490831
172 3 0.501244
172 123 0.498756
173 27 1
174 177 0.333333
174 178 0.333333
174 179 0.333333
175 180 1
176 181 1
177 183 1
178 184 1
179 27 0.5
179 185 0.5
180 186 0.5
180 187 0.5
181 40 1
182 186 1
183 12 1
184 185 1
185 104 1
186 73 0.333333
186 188 0.333333
186 190 0.333333
187 189 0.5
187 191 0.5
188 192 0.5
188 193 0.5
189 27 0.333333
189 194 0.333333
189 195 0.333333
190 196 1
191 27 1
192 3 0.333172
192 197 0.333414
192 198 0.333414
193 72 1
194 55 0.333333
194 104 0.166667
194 186 0.5
195 199 1
196 200 1
197 73 1
198 28 0.5
198 201 0.5
199 202 1
200 3 0.568084
200 72 0.431916
201 203 1
202 204 1
203 12 0.499987
203 206 0.500013
204 55 0.5
204 207 0.5
205 59 1
206 138 0.49991
206 208 0.50009
207 138 0.000359873
207 209 0.99964
208 210 0.5
208 211 0.5
209 3 0.5
209 12 0.5
210 3 0.20545
210 5 0.397139
210 212 0.397411
211 212 0.499786
211 213 0.500214
212 37 1
213 27 1
214 215 1
215 216 1
216 58 0.333446
216 176 0.666554
217 58 1
218 14 0.383642
218 166 0.616358
219 57 0.5
219 210 0.5
220 14 0.5
220 175 0.5
221 217 1
222 3 0.599643
222 175 0.400357
223 73 1
224 218 1
225 219 1
226 90 1
227 220 1
228 222 1
229 221 1
230 223 0.000284579
230 227 0.501498
230 228 0.498218
231 223 0.499147
231 224 0.500853
232 226 0.5
232 227 0.5
233 14 0.5
233 228 0.5
234 56 1
235 229 1
236 230 1
237 231 1
238 12 0.311953
238 227 0.351038
238 228 0.33701
239 20 1
240 232 1
241 14 1
242 233 1
243 234 0.5
243 235 0.5
244 3 0.472132
244 73 0.344696
244 236 0.183173
245 237 1
246 238 1
247 239 1
248 240 1
249 241 1
250 242 1
251 243 1
252 244 1
253 245 1
254 246 1
255 95 0.5
255 247 0.5
256 55 1
257 240 0.333333
257 248 0.333333
257 249 0.333333
258 3 0.000120257
258 141 0.250013
258 250 0.749867
259 251 0.333333
259 252 0.333333
259 253 0.333333
260 48 0.4
260 250 0.6
261 255 1
262 104 0.5
262 254 0.5
263 5 0.118897
263 12 0.361344
263 27 0.298914
263 228 0.220844
264 227 0.5
264 256 0.5
265 42 1
266 258 0.5
266 260 0.5
267 3 1
268 259 0.5
268 261 0.5
269 262 1
270 218 1
271 17 0.124564
271 23 0.809935
271 27 0.065501
272 263 1
273 264 1
274 265 1
275 266 1
276 267 1
277 260 1
278 268 1
279 269 1
280 104 0.5
280 270 0.5
281 251 1
282 271 1
283 154 1
284 274 1
285 272 0.5
285 273 0.5
286 275 0.5
286 330 0.5
287 260 0.5
287 276 0.5
288 275 1
289 12 1
290 277 1
291 278 0.5
291 279 0.5
292 265 1
293 280 1
294 27 0.663598
294 281 0.336402
295 283 1
296 3 1
297 141 0.5
297 284 0.5
298 288 1
299 285 1
300 286 1
301 287 1
302 282 1
303 17 1
304 145 1
305 289 0.5
305 347 0.5
306 84 0.500001
306 290 0.499999
307 5 1
308 214 0.333333
308 291 0.333333
308 292 0.333333
309 293 1
310 294 1
311 5 0.446826
311 295 0.553174
312 296 1
313 297 1
314 298 0.5
314 299 0.5
315 300 1
316 301 1
317 228 0.495227
317 302 0.504773
318 303 1
319 56 0.666666
319 307 0.333334
320 141 0.333333
320 304 0.666667
321 12 0.562456
321 56 0.437544
322 21 1
323 99 0.5
323 305 0.5
324 100 0.5
324 306 0.5
325 48 1
326 307 1
327 73 0.333333
327 480 0.333333
327 481 0.333333
328 308 0.333333
328 309 0.333333
328 310 0.333333
329 311 1
330 312 1
331 104 0.25
331 128 0.25
331 298 0.25
331 299 0.25
332 313 1
333 5 0.665008
333 52 0.334992
334 314 1
335 171 1
336 3 0.46353
336 315 0.53647
337 316 1
338 138 0.5
338 317 0.5
339 318 1
340 319 1
341 228 1
342 128 0.5
342 320 0.5
343 214 1
344 138 0.443915
344 298 0.556085
345 298 0.427693
345 323 0.572307
346 322 0.5
346 324 0.5
347 118 0.210357
347 325 0.789643
348 326 0.5
348 327 0.5
349 14 0.5
349 328 0.5
350 329 1
351 228 0.5
351 326 0.5
352 14 0.49736
352 331 0.50264
353 6 0.333333
353 298 0.333333
353 332 0.333333
354 7 0.497843
354 12 0.166406
354 14 0.33575
355 5 0.333333
355 333 0.333333
355 334 0.333333
356 88 0.5
356 326 0.5
357 258 1
358 282 0.5
358 283 0.5
359 334 1
360 335 0.333333
360 337 0.333333
360 338 0.333333
361 104 1
362 304 0.5
362 336 0.5
363 27 0.499996
363 73 0.500004
364 339 1
365 340 1
366 189 1
367 104 0.333333
367 341 0.666667
368 342 1
369 132 0.5
369 473 0.5
370 343 1
371 344 0.333333
371 515 0.333333
371 516 0.333333
372 345 1
373 228 0.333333
373 234 0.333333
373 346 0.333333
374 104 0.5
374 138 0.5
375 250 1
376 189 0.326605
376 348 0.336698
376 349 0.336698
377 23 0.499886
377 350 0.500114
378 232 0.249956
378 240 0.250133
378 245 0.499912
379 351 0.5
379 352 0.5
380 353 1
381 354 1
382 326 1
383 73 0.5
383 355 0.5
384 356 0.5
384 357 0.5
385 358 1
386 27 0.458769
386 141 0.18041
386 359 0.360821
387 3 1
388 40 0.327696
388 48 0.336152
388 360 0.336152
389 40 0.207969
389 361 0.792031
390 362 1
391 40 0.5
391 363 0.5
392 325 1
393 27 0.5
393 364 0.5
394 15 0.5
394 366 0.5
395 367 0.5
395 369 0.5
396 128 0.49992
396 368 0.50008
397 50 0.333333
397 370 0.333333
397 371 0.333333
398 372 1
399 374 1
400 373 1
401 375 1
402 376 1
403 377 0.333333
403 378 0.333333
403 379 0.333333
404 14 1
405 322 1
406 380 1
407 381 1
408 381 1
409 104 0.333338
409 382 0.666662
410 117 0.333333
410 118 0.333333
410 128 0.333333
411 383 1
412 232 1
413 12 0.166642
413 84 0.499939
413 247 0.333419
414 247 0.499811
414 385 0.500189
415 104 0.333329
415 295 0.333335
415 384 0.333335
416 386 1
417 73 1
418 344 0.5
418 388 0.5
419 141 0.5
419 387 0.5
420 3 1
421 322 1
422 389 1
423 390 0.333333
423 391 0.333333
423 393 0.333333
424 392 1
425 394 1
426 3 1
427 3 1
428 52 1
429 314 1
430 30 1
431 56 0.5
431 393 0.5
432 250 1
433 3 1
434 141 0.250077
434 155 0.499949
434 396 0.249974
435 60 0.5
435 397 0.5
436 137 0.666667
436 429 0.333333
437 5 0.333333
437 138 0.333333
437 398 0.333333
438 41 1
439 400 1
440 400 1
441 103 0.333333
441 301 0.666667
442 401 1
443 402 0.662628
443 410 0.337372
444 399 0.5
444 403 0.5
445 3 0.399702
445 404 0.600298
446 405 1
447 406 1
448 5 1
449 407 1
450 408 1
451 104 1
452 409 1
453 272 1
454 41 1
455 284 1
456 411 1
457 415 1
458 410 0.495387
458 413 0.504613
459 414 1
460 412 1
461 23 1
462 60 1
463 95 1
464 42 0.5
464 137 0.5
465 416 1
466 417 1
467 418 1
468 13 1
469 5 2.54029e-05
469 27 0.199896
469 419 0.60006
469 427 0.200019
470 420 1
471 422 1
472 423 1
473 424 1
474 5 0.03125
474 7 0.03125
474 12 0.03125
474 13 0.03125
474 14 0.03125
474 17 0.03125
474 21 0.03125
474 23 0.03125
474 27 0.03125
474 40 0.03125
474 42 0.03125
474 44 0.03125
474 56 0.03125
474 60 0.03125
474 73 0.03125
474 95 0.03125
474 137 0.03125
474 250 0.03125
474 307 0.03125
474 382 0.03125
474 416 0.03125
474 417 0.03125
474 418 0.03125
474 419 0.03125
474 420 0.03125
474 421 0.03125
474 422 0.03125
474 423 0.03125
474 424 0.03125
474 425 0.03125
474 426 0.03125
474 427 0.03125
475 420 1
476 421 1
477 12 1.55751e-05
477 426 0.999984
478 382 1
479 13 0.333333
479 250 0.333333
479 425 0.333333
480 298 1
481 299 1
482 300 1
483 300 1
484 12 0.499975
484 301 0.500025
485 428 1
486 104 0.5
486 430 0.5
487 431 0.666667
487 444 0.333333
488 432 1
489 3 0.496666
489 433 0.503334
490 27 0.5
490 434 0.5
491 12 0.666228
491 436 0.333772
492 176 0.333333
492 435 0.333333
492 437 0.333333
493 438 1
494 439 1
495 440 1
496 104 0.5
496 441 0.5
497 362 0.5
497 442 0.5
498 443 1
499 3 0.499961
499 77 0.500039
500 73 0.5
500 445 0.5
501 446 0.333333
501 447 0.333333
501 448 0.333333
502 227 1
503 3 0.0965089
503 12 0.394774
503 322 0.508717
504 3 0.607682
504 449 0.392318
505 136 0.5
505 450 0.5
506 55 0.5
506 137 0.5
507 27 0.25
507 154 0.25
507 451 0.25
507 452 0.25
508 41 1
509 453 1
510 55 0.333333
510 454 0.333333
510 456 0.333333
511 5 0.5
511 455 0.5
512 325 1
513 59 0.5
513 73 0.5
514 298 1
515 27 1
516 457 1
517 14 1
518 458 1
519 7 0.499736
519 50 0.500264
520 3 0.766931
520 228 0.233069
521 12 0.456097
521 459 0.543903
522 3 0.333254
522 448 0.333373
522 460 0.333373
523 109 0.333434
523 141 0.333132
523 461 0.333434
524 462 1
525 463 1
526 128 0.5
526 464 0.5
527 40 0.333333
527 155 0.333333
527 469 0.333333
528 88 0.5
528 466 0.5
529 56 1
530 87 1
531 137 1
532 104 0.5
532 468 0.5
533 467 1
534 470 1
535 56 1
536 137 0.5
536 301 0.5
537 471 0.5
537 472 0.5
538 56 1
539 14 0.5
539 175 0.5
540 5 0.440592
540 322 0.559408
541 242 1
542 474 1
543 475 1
544 3 0.333293
544 391 0.333353
544 477 0.333353
545 229 1
546 240 0.499912
546 479 0.500089
547 73 1
548 257 0.5
548 482 0.5
549 229 0.334501
549 483 0.665499
550 484 1
551 5 1
552 485 0.5
552 486 0.5
553 229 0.748779
553 483 0.251221
554 26 0.333538
554 483 0.666462
555 487 1
556 350 1
557 5 0.451359
557 488 0.548641
558 5 1
559 97 0.333333
559 489 0.333333
559 490 0.333333
560 88 0.0125199
560 491 0.98748
561 229 1
562 281 1
563 104 1
564 128 0.25
564 314 0.25
564 486 0.25
564 492 0.25
565 214 0.5
565 493 0.5
566 494 1
567 372 0.5
567 495 0.5
568 40 0.230924
568 496 0.769076
569 497 0.5
569 498 0.5
570 499 1
571 500 1
572 501 0.333333
572 502 0.333333
572 503 0.333333
573 5 1
574 88 1
575 504 1
576 505 0.5
576 506 0.5
577 507 1
578 227 0.5
578 228 0.5
579 240 1
580 12 0.499988
580 190 0.500012
581 508 0.5
581 509 0.5
582 510 1
583 354 0.5
583 511 0.5
584 12 0.74999
584 240 0.25001
585 128 0.5
585 275 0.5
586 512 0.558889
586 513 0.441111
587 12 0.237468
587 40 0.474989
587 513 0.287543
588 240 1
589 3 0.482444
589 514 0.517556
590 12 0.314117
590 37 0.342941
590 517 0.342941
591 237 1
592 518 1
593 519 0.333333
593 520 0.333333
593 521 0.333333
594 3 0.504978
594 522 0.495022
595 18 1
596 19 1
597 523 1
598 524 0.333333
598 526 0.333333
598 528 0.333333
599 12 0.249274
599 257 0.250242
599 525 0.250242
599 527 0.250242
600 3 0.482225
600 529 0.517775
601 517 0.5
601 531 0.5
602 237 0.5
602 532 0.5
603 350 0.5
603 354 0.5
604 27 0.333333
604 128 0.333333
604 530 0.333333
605 236 1
606 49 1
607 229 0.5
607 534 0.5
608 5 0.333291
608 12 0.333329
608 533 0.33338
609 57 0.5
609 535 0.5
610 3 0.389984
610 12 0.218631
610 103 0.391386
611 536 1
612 104 1
613 537 1
614 189 0.5
614 538 0.5
615 12 0.329592
615 287 0.335204
615 539 0.335204
616 97 1
617 55 0.4
617 275 0.4
617 540 0.2
618 541 1
619 3 0.499114
619 542 0.500886
620 5 0.5
620 227 0.5
621 12 0.295866
621 228 0.704134
622 12 0.367009
622 491 0.632991
623 3 0.50007
623 544 0.49993
624 545 0.5
624 547 0.5
625 132 0.333333
625 543 0.333333
625 546 0.333333
626 548 1
627 73 1
628 549 0.500266
628 550 0.499734
629 550 0.00106076
629 551 0.998939
630 511 0.5
630 552 0.5
631 141 1
632 519 0.5
632 553 0.5
633 14 0.499826
633 435 0.500174
634 554 1
635 555 1
636 556 1
637 5 0.499957
637 130 0.500043
638 27 0.333333
638 238 0.333333
638 245 0.333333
639 557 1
640 141 0.5
640 558 0.5
