2 0 0.160541 0.839458 0 0 0 0 0 0 0 
3 0.0215784 0.547844 0.1618 0.268777 0 0 0 0 0 0 
4 0.00902652 0.722305 0.210909 0.0577387 2.05556e-05 0 0 0 0 0 
5 0.0075221 0.600443 0.343901 0.0481156 1.71297e-05 0 0 0 0 0 
6 0.00273908 0.951518 0.0457429 0 0 0 0 0 0 0 
7 0.00902652 0.722305 0.210909 0.0577387 2.05556e-05 0 0 0 0 0 
8 0 0.609091 0.342716 0.0481926 0 0 0 0 0 0 
9 0 0.4 0.6 0 0 0 0 0 0 0 
10 0.0201111 0.911491 0.0491377 0.0192583 2.09045e-06 0 0 0 0 0 
11 0 0.661848 0.284122 0.0431812 0.0108492 0 0 0 0 0 
12 0.00945019 0.978637 0.00876803 0.00314421 3.41298e-07 0 0 0 0 0 
13 0.032093 0.873147 0.0639436 0.0308133 3.34472e-06 0 0 0 0 0 
14 0.0162391 0.937329 0.0310462 0.0153847 0 0 0 0 0 0 
15 0.0159832 0.818898 0.114726 0.0503927 0 0 0 0 0 0 
16 0.0075221 0.601921 0.342424 0.0481156 1.71297e-05 0 0 0 0 0 
17 0 0.674242 0.285597 0.0401605 0 0 0 0 0 0 
18 0.061077 0.913961 0.0168521 0.00810875 8.8019e-07 0 0 0 0 0 
19 0.00410296 0.873775 0.0958676 0.0262449 9.34345e-06 0 0 0 0 0 
20 0.00811954 0.967869 0.0163194 0.00769233 0 0 0 0 0 0 
21 0 0 0.999999 0 0 0 0 0 0 0 
22 0.00795723 0.572119 0.300947 0.118976 0 0 0 0 0 0 
23 0 0.459151 0.4544 0.0690899 0.0173588 0 0 0 0 0 
24 0.032282 0.683598 0.217596 0.0616583 0.00486459 0 0 0 0 0 
25 0.154456 0.812378 0.0221759 0.010989 0 0 0 0 0 0 
26 0.0267444 0.894288 0.0532866 0.0256777 2.78727e-06 0 0 0 0 0 
27 0.00795723 0.572119 0.300947 0.118976 0 0 0 0 0 0 
28 0.193568 0.569665 0.18133 0.051382 0.00405383 0 0 0 0 0 
29 0.0162391 0.937329 0.0310462 0.0153847 0 0 0 0 0 0 
30 0 0.160235 0.839764 0 0 0 0 0 0 0 
31 0.00902652 0.522315 0.410898 0.0577387 2.05556e-05 0 0 0 0 0 
32 0.0234493 0.257453 0.483608 0.21196 0.0235295 0 0 0 0 0 
33 0.00795723 0.562276 0.31079 0.118976 0 0 0 0 0 0 
34 0.0147096 0.765236 0.189817 0.0280265 0.00221118 0 0 0 0 0 
35 0.233661 0.732496 0.022837 0.0110047 1.19454e-06 0 0 0 0 0 
36 0.0135191 0.667255 0.277601 0.0416237 6.17315e-07 0 0 0 0 0 
37 0.032282 0.483598 0.417596 0.0616583 0.00486459 0 0 0 0 0 
38 0.00541303 0.97911 0.0103487 0.00512822 0 0 0 0 0 0 
39 0 0.466666 0.533333 0 0 0 0 0 0 0 
40 0.00904287 0.964687 0.017723 0.00854704 0 0 0 0 0 0 
41 0.0457143 0.456995 0.45142 0.0458703 0 0 0 0 0 0 
42 0.00902652 0.522305 0.410909 0.0577387 2.05556e-05 0 0 0 0 0 
43 0.0135191 0.667255 0.277601 0.0416241 6.17315e-07 0 0 0 0 0 
44 0.032282 0.483598 0.417595 0.0616595 0.00486459 0 0 0 0 0 
45 0.032282 0.683598 0.217596 0.0616583 0.00486459 0 0 0 0 0 
46 0.0200581 0.557244 0.39191 0.0307855 2.09045e-06 0 0 0 0 0 
47 0.00564158 0.653697 0.179562 0.161087 1.28472e-05 0 0 0 0 0 
48 0.0230586 0.773999 0.155426 0.0440417 0.00347471 0 0 0 0 0 
49 0 0.459151 0.4544 0.0690899 0.0173588 0 0 0 0 0 
50 0.0096118 0.906445 0.0643777 0.0181348 0.00143076 0 0 0 0 0 
51 0.111688 0.116827 0.749976 0.0215087 0 0 0 0 0 0 
52 0.00451326 0.861153 0.105454 0.0288694 1.02778e-05 0 0 0 0 0 
53 0 0.459151 0.2544 0.26909 0.0173588 0 0 0 0 0 
54 0.017982 0.78987 0.133356 0.0587915 0 0 0 0 0 0 
55 0.032282 0.683598 0.217596 0.0616583 0.00486459 0 0 0 0 0 
56 0.0380952 0.214162 0.709517 0.0382252 0 0 0 0 0 0 
57 0.0162229 0.795156 0.138671 0.0499484 7.40778e-07 0 0 0 0 0 
58 0.0230586 0.440563 0.488862 0.0440417 0.00347471 0 0 0 0 0 
59 0 0.609091 0.342716 0.0481926 0 0 0 0 0 0 
60 0.00442068 0.206733 0.722748 0.066098 0 0 0 0 0 0 
61 0.0162229 0.800706 0.133122 0.0499484 7.40778e-07 0 0 0 0 0 
62 0.19033 0.372918 0.413229 0.0235228 0 0 0 0 0 0 
63 0.0154131 0.538238 0.395956 0.0503927 0 0 0 0 0 0 
64 0.0146558 0.279192 0.677498 0.013949 0.0147059 0 0 0 0 0 
65 0 0.6 0.4 0 0 0 0 0 0 0 
66 0.0200581 0.920717 0.0399647 0.0192583 2.09045e-06 0 0 0 0 0 
67 0 0.659151 0.2544 0.0690899 0.0173588 0 0 0 0 0 
68 0.032282 0.683598 0.217596 0.0616583 0.00486459 0 0 0 0 0 
69 0.0215784 0.747844 0.160027 0.0705498 0 0 0 0 0 0 
70 0.032282 0.683598 0.217596 0.0616583 0.00486459 0 0 0 0 0 
71 0.193411 0.727622 0.0532863 0.0256777 2.78727e-06 0 0 0 0 0 
72 0.00902652 0.59869 0.334524 0.0577387 2.05556e-05 0 0 0 0 0 
73 0.0073748 0.795267 0.174654 0.0227038 3.36717e-07 0 0 0 0 0 
74 0.0234493 0.457453 0.473256 0.0223123 0.0235295 0 0 0 0 0 
75 0.0162229 0.608121 0.325707 0.0499484 7.40777e-07 0 0 0 0 0 
76 0.00850215 0.976628 0.0100622 0.00480771 0 0 0 0 0 0 
77 0.032093 0.873147 0.0639436 0.0308133 3.34472e-06 0 0 0 0 0 
78 0.0041011 0.799982 0.17185 0.0240578 8.56483e-06 0 0 0 0 0 
79 0 0.459151 0.4544 0.0690899 0.0173588 0 0 0 0 0 
80 0.0457143 0.263197 0.645218 0.0458703 0 0 0 0 0 0 
81 0.0201763 0.303949 0.50309 0.169744 0.00304037 0 0 0 0 0 
82 0.0162229 0.800706 0.133122 0.0499484 7.40778e-07 0 0 0 0 0 
83 0.0215784 0.547844 0.360027 0.0705498 0 0 0 0 0 0 
84 0 0.459151 0.4544 0.06909 0.0173588 0 0 0 0 0 
85 0.00902652 0.722305 0.210909 0.0577387 2.05556e-05 0 0 0 0 0 
86 0 0.659151 0.2544 0.0690899 0.0173588 0 0 0 0 0 
87 0.0215784 0.548756 0.3583 0.0713657 0 0 0 0 0 0 
88 0 0.609067 0.34274 0.0481926 0 0 0 0 0 0 
89 0.00795723 0.372119 0.500947 0.118976 0 0 0 0 0 0 
90 0 0.659151 0.2544 0.0690899 0.0173588 0 0 0 0 0 
91 0 0.459151 0.4544 0.0690899 0.0173588 0 0 0 0 0 
92 0.032093 0.673147 0.0639491 0.230808 3.34472e-06 0 0 0 0 0 
93 0.032282 0.483598 0.417596 0.0616583 0.00486459 0 0 0 0 0 
94 0.0154131 0.819889 0.114305 0.0503927 0 0 0 0 0 0 
95 0.0872695 0.709788 0.155426 0.0440417 0.00347471 0 0 0 0 0 
96 0.27194 0.575501 0.110935 0.0416237 6.17315e-07 0 0 0 0 0 
97 0 0.133529 0.86647 0 0 0 0 0 0 0 
98 0 0.659151 0.2544 0.0690899 0.0173588 0 0 0 0 0 
99 0.0162229 0.800706 0.133122 0.0499484 7.40778e-07 0 0 0 0 0 
100 0.00902652 0.522305 0.210909 0.257739 2.05556e-05 0 0 0 0 0 
101 0.032282 0.683598 0.217596 0.0616583 0.00486459 0 0 0 0 0 
102 0.0215787 0.747844 0.160027 0.0705498 0 0 0 0 0 0 
103 0.0162229 0.800706 0.133122 0.0499484 7.40778e-07 0 0 0 0 0 
104 0.032282 0.483598 0.417596 0.0616584 0.00486459 0 0 0 0 0 
105 0.0162229 0.800706 0.133122 0.0499484 7.40778e-07 0 0 0 0 0 
106 0 0.656405 0.303434 0.0401605 0 0 0 0 0 0 
107 0.00795723 0.372119 0.500947 0.118976 0 0 0 0 0 0 
108 0.00902652 0.522305 0.410909 0.0577387 2.05556e-05 0 0 0 0 0 
109 0.105583 0.311839 0.55234 0.0280266 0.00221118 0 0 0 0 0 
110 0.032093 0.873147 0.0639436 0.0308133 3.34472e-06 0 0 0 0 0 
111 0 0.435065 0.472964 0.0919707 0 0 0 0 0 0 
112 0.00795723 0.372119 0.300947 0.318976 0 0 0 0 0 0 
113 0.0195411 0.381211 0.561046 0.0185936 0.0196079 0 0 0 0 0 
114 0.00795723 0.372119 0.500947 0.118976 0 0 0 0 0 0 
115 0.0195411 0.214627 0.72763 0.0185936 0.0196079 0 0 0 0 0 
116 0.0075221 0.601916 0.175762 0.214782 1.71296e-05 0 0 0 0 0 
117 0.0230586 0.526341 0.403083 0.0440421 0.00347471 0 0 0 0 0 
118 0.0234493 0.457453 0.473256 0.0223123 0.0235295 0 0 0 0 0 
119 0.204762 0.380829 0.376183 0.0382252 0 0 0 0 0 0 
120 0.00663102 0.310099 0.417456 0.265814 0 0 0 0 0 0 
121 0.0075221 0.601868 0.17581 0.214782 1.71297e-05 0 0 0 0 0 
122 0.032282 0.483598 0.417596 0.0616584 0.00486459 0 0 0 0 0 
123 0.0231159 0.489392 0.234562 0.249456 0.00347471 0 0 0 0 0 
124 0.00564158 0.706091 0.232351 0.0559028 1.28472e-05 0 0 0 0 0 
125 0 0.837121 0.142798 0.0200803 0 0 0 0 0 0 
126 0.0215784 0.547844 0.160027 0.27055 0 0 0 0 0 0 
127 0.00902652 0.722305 0.210909 0.0577387 2.05556e-05 0 0 0 0 0 
128 0.00904456 0.722287 0.210909 0.0577387 2.05556e-05 0 0 0 0 0 
129 0.0201763 0.565627 0.37262 0.0385365 0.00304037 0 0 0 0 0 
130 0 0.715959 0.212 0.057575 0.0144656 0 0 0 0 0 
131 0.032282 0.683598 0.217596 0.0616583 0.00486459 0 0 0 0 0 
132 0.00795734 0.572118 0.300948 0.118976 0 0 0 0 0 0 
133 0.00795723 0.372119 0.500947 0.118976 0 0 0 0 0 0 
134 0 0.409091 0.542716 0.0481926 0 0 0 0 0 0 
135 0.032282 0.683598 0.217596 0.0616583 0.00486459 0 0 0 0 0 
136 0.00795723 0.373946 0.49912 0.118976 0 0 0 0 0 0 
137 0 0.409091 0.542716 0.0481926 0 0 0 0 0 0 
138 0.032282 0.483598 0.230119 0.249136 0.00486459 0 0 0 0 0 
139 0.0162229 0.600706 0.333122 0.0499484 7.40778e-07 0 0 0 0 0 
140 0.0201764 0.802246 0.136 0.0385365 0.00304037 0 0 0 0 0 
141 0.0230586 0.773999 0.155426 0.0440417 0.00347471 0 0 0 0 0 
142 0 0.659151 0.2544 0.0690899 0.0173588 0 0 0 0 0 
143 0 0.409091 0.542716 0.0481926 0 0 0 0 0 0 
144 0.00902681 0.722305 0.210909 0.0577387 2.05556e-05 0 0 0 0 0 
145 0.032093 0.873147 0.0639436 0.0308133 3.34472e-06 0 0 0 0 0 
146 0.032282 0.683598 0.217596 0.0616583 0.00486459 0 0 0 0 0 
147 0.00795723 0.372119 0.300947 0.318976 0 0 0 0 0 0 
148 0.0269017 0.736332 0.18133 0.051382 0.00405383 0 0 0 0 0 
149 0.00902652 0.722305 0.210909 0.0577387 2.05556e-05 0 0 0 0 0 
150 0 0.999999 0 0 0 0 0 0 0 0 
151 0.0162229 0.800706 0.133122 0.0499484 7.40778e-07 0 0 0 0 0 
152 0.0162229 0.800706 0.133122 0.0499484 7.40778e-07 0 0 0 0 0 
153 0.0457143 0.456995 0.45142 0.0458703 0 0 0 0 0 0 
154 0.0457143 0.256995 0.65142 0.0458703 0 0 0 0 0 0 
155 0.0162391 0.937329 0.0310462 0.0153847 0 0 0 0 0 0 
156 0.0229235 0.616869 0.125958 0.234162 8.72676e-05 0 0 0 0 0 
157 0 0.756536 0.181714 0.04935 0.0123991 0 0 0 0 0 
158 0 0.239262 0.733963 0.0267746 0 0 0 0 0 0 
159 0.0135191 0.833921 0.110935 0.0416237 6.17315e-07 0 0 0 0 0 
160 0.105958 0.692283 0.17402 0.025713 0.00202691 0 0 0 0 0 
161 0.017982 0.78987 0.133356 0.0587915 0 0 0 0 0 0 
162 0.00795723 0.572119 0.300947 0.118976 0 0 0 0 0 0 
163 0.032282 0.683598 0.217596 0.0616583 0.00486459 0 0 0 0 0 
164 0.0162229 0.602298 0.331529 0.0499484 7.40777e-07 0 0 0 0 0 
165 0.00795723 0.572119 0.300947 0.118976 0 0 0 0 0 0 
166 0 0.613679 0.181714 0.192207 0.0123991 0 0 0 0 0 
167 0.0234493 0.457453 0.473256 0.0223123 0.0235295 0 0 0 0 0 
168 0.0215784 0.747844 0.160027 0.0705498 0 0 0 0 0 0 
169 0.120124 0.763426 0.0887009 0.0277491 4.11543e-07 0 0 0 0 0 
170 0.0269017 0.402999 0.18133 0.384715 0.00405383 0 0 0 0 0 
171 0.032282 0.483598 0.410124 0.0691308 0.00486459 0 0 0 0 0 
172 0 0.393448 0.534511 0.057575 0.0144656 0 0 0 0 0 
173 0.475769 0.511578 0.0126528 0 0 0 0 0 0 0 
174 0.032282 0.483598 0.217596 0.261658 0.00486459 0 0 0 0 0 
175 0.032093 0.873147 0.0639436 0.0308133 3.34472e-06 0 0 0 0 0 
176 0.0162229 0.800706 0.133122 0.0499484 7.40778e-07 0 0 0 0 0 
177 0.0215784 0.747844 0.160027 0.0705498 0 0 0 0 0 0 
178 0.0162229 0.800706 0.133122 0.0499484 7.40778e-07 0 0 0 0 0 
179 0.00795723 0.372119 0.500947 0.118976 0 0 0 0 0 0 
180 0.0162229 0.600706 0.333122 0.0499484 7.40777e-07 0 0 0 0 0 
181 0 0.715959 0.212 0.057575 0.0144656 0 0 0 0 0 
182 0.0457143 0.456995 0.45142 0.0458703 0 0 0 0 0 0 
183 0.0079576 0.572118 0.300947 0.118976 0 0 0 0 0 0 
184 0 0.659151 0.2544 0.0690899 0.0173588 0 0 0 0 0 
185 0.0215784 0.747844 0.160027 0.0705498 0 0 0 0 0 0 
186 0.0215784 0.547844 0.160027 0.27055 0 0 0 0 0 0 
187 0.00902652 0.522305 0.410909 0.0577387 2.05556e-05 0 0 0 0 0 
188 0.032282 0.483598 0.417596 0.0616583 0.00486459 0 0 0 0 0 
189 0.032282 0.483598 0.217596 0.261658 0.00486459 0 0 0 0 0 
190 0.032282 0.683598 0.217596 0.0616583 0.00486459 0 0 0 0 0 
191 0.0130203 0.794641 0.151082 0.0412419 1.46826e-05 0 0 0 0 0 
192 0.00752393 0.60204 0.342301 0.0481174 1.71296e-05 0 0 0 0 0 
193 0.0177357 0.851499 0.095087 0.0356774 5.29127e-07 0 0 0 0 0 
194 0.0154131 0.534174 0.257162 0.19325 0 0 0 0 0 0 
195 0.0115878 0.857647 0.095087 0.0356774 5.29127e-07 0 0 0 0 0 
196 0.0269017 0.736332 0.18133 0.051382 0.00405383 0 0 0 0 0 
197 0.0116775 0.719654 0.210909 0.0577387 2.05556e-05 0 0 0 0 0 
198 0.032282 0.483598 0.417596 0.0616583 0.00486459 0 0 0 0 0 
199 0.0162391 0.937329 0.0310462 0.0153847 0 0 0 0 0 0 
200 0 0.2082 0.791799 0 0 0 0 0 0 0 
201 0.032093 0.873147 0.0639436 0.0308133 3.34472e-06 0 0 0 0 0 
202 0 0.659151 0.2544 0.0690899 0.0173588 0 0 0 0 0 
203 0 0.409102 0.542705 0.0481926 0 0 0 0 0 0 
204 0.032093 0.673147 0.263944 0.0308133 3.34472e-06 0 0 0 0 0 
205 0.0162229 0.800706 0.133122 0.0499484 7.40778e-07 0 0 0 0 0 
206 0.0215784 0.547916 0.359955 0.0705498 0 0 0 0 0 0 
207 0.032282 0.683526 0.217668 0.0616584 0.00486459 0 0 0 0 0 
208 0.0457143 0.256995 0.65142 0.0458703 0 0 0 0 0 0 
209 0.00902652 0.522305 0.410908 0.0577387 2.05556e-05 0 0 0 0 0 
210 0.0075221 0.682209 0.262107 0.0481443 1.71297e-05 0 0 0 0 0 
211 0 0.459322 0.454228 0.06909 0.0173588 0 0 0 0 0 
212 0.00902652 0.722305 0.210909 0.0577387 2.05556e-05 0 0 0 0 0 
213 0.0457143 0.456995 0.45142 0.0458703 0 0 0 0 0 0 
214 0.032093 0.873147 0.0639436 0.0308133 3.34472e-06 0 0 0 0 0 
215 0.00902652 0.722305 0.210909 0.0577387 2.05556e-05 0 0 0 0 0 
216 0.0115878 0.857574 0.0951594 0.0356774 5.29127e-07 0 0 0 0 0 
217 0.0136171 0.94769 0.0258719 0.0128205 0 0 0 0 0 0 
218 0.0229235 0.642633 0.312431 0.0220096 2.38909e-06 0 0 0 0 0 
219 0.0162229 0.600706 0.333122 0.0499484 7.40777e-07 0 0 0 0 0 
220 0 0.466862 0.533137 0 0 0 0 0 0 0 
221 0.00795723 0.572119 0.300947 0.118976 0 0 0 0 0 0 
222 0.0115878 0.714392 0.0965192 0.1775 5.29127e-07 0 0 0 0 0 
223 0.0215784 0.747844 0.160027 0.0705498 0 0 0 0 0 0 
224 0.00902652 0.722305 0.210909 0.0577387 2.05556e-05 0 0 0 0 0 
225 0.0075221 0.768588 0.175757 0.0481156 1.71297e-05 0 0 0 0 0 
226 0 0.609091 0.342716 0.0481926 0 0 0 0 0 0 
227 0.00902652 0.722305 0.210909 0.0577387 2.05556e-05 0 0 0 0 0 
228 0.0215784 0.747844 0.160027 0.0705498 0 0 0 0 0 0 
229 0.00795723 0.572119 0.300947 0.118976 0 0 0 0 0 0 
230 0.0928202 0.277493 0.610586 0.00929679 0.00980394 0 0 0 0 0 
231 0.0215784 0.548525 0.359346 0.0705498 0 0 0 0 0 0 
232 0.032093 0.673147 0.263944 0.0308133 3.34472e-06 0 0 0 0 0 
233 0 0.4 0.6 0 0 0 0 0 0 0 
234 0.0107892 0.873922 0.0800136 0.0352749 0 0 0 0 0 0 
235 0.0215784 0.747844 0.160027 0.0705498 0 0 0 0 0 0 
236 0.00795723 0.572119 0.300947 0.118976 0 0 0 0 0 0 
237 0.0457143 0.456995 0.45142 0.0458703 0 0 0 0 0 0 
238 0.0444445 0 0.631496 0.32406 0 0 0 0 0 0 
239 0.00795723 0.572119 0.300947 0.118976 0 0 0 0 0 0 
240 0 0.659151 0.2544 0.0690899 0.0173588 0 0 0 0 0 
241 0.253038 0.731498 0.0154645 0 0 0 0 0 0 0 
242 0 0.756536 0.181714 0.04935 0.0123991 0 0 0 0 0 
243 0.0195411 0.214544 0.727713 0.0185936 0.0196079 0 0 0 0 0 
244 0.0231563 0.548893 0.260565 0.157357 0.0100281 0 0 0 0 0 
245 0.00795723 0.572119 0.300947 0.118976 0 0 0 0 0 0 
246 0.0215784 0.747844 0.160027 0.0705498 0 0 0 0 0 0 
247 0 0.715959 0.212 0.057575 0.0144656 0 0 0 0 0 
248 0.0215784 0.747844 0.160027 0.0705498 0 0 0 0 0 0 
249 0.0162229 0.800706 0.133122 0.0499484 7.40778e-07 0 0 0 0 0 
250 0.0162229 0.800706 0.133122 0.0499484 7.40778e-07 0 0 0 0 0 
251 0.032093 0.873147 0.0639436 0.0308133 3.34472e-06 0 0 0 0 0 
252 0.032282 0.683598 0.217596 0.0616584 0.00486459 0 0 0 0 0 
253 0.032282 0.683598 0.217596 0.0616583 0.00486459 0 0 0 0 0 
254 0.032282 0.683598 0.217596 0.0616583 0.00486459 0 0 0 0 0 
255 0.0215784 0.547844 0.360027 0.0705498 0 0 0 0 0 0 
256 0.0215784 0.747844 0.160027 0.0705498 0 0 0 0 0 0 
257 0.032282 0.483598 0.217596 0.261658 0.00486459 0 0 0 0 0 
258 0 0.577821 0.387755 0.0344233 0 0 0 0 0 0 
259 0.032282 0.483598 0.217596 0.261658 0.00486463 0 0 0 0 0 
260 0.00644751 0.515932 0.436363 0.0412419 1.46826e-05 0 0 0 0 0 
261 0.0162391 0.937329 0.0310462 0.0153847 0 0 0 0 0 0 
262 0.0457143 0.256995 0.65142 0.0458703 0 0 0 0 0 0 
263 0.658942 0.34105 8.34527e-06 0 0 0 0 0 0 0 
264 0.0888889 0 0.711689 0.199421 0 0 0 0 0 0 
265 0.0215784 0.747844 0.160027 0.0705498 0 0 0 0 0 0 
266 0.0234493 0.257453 0.673255 0.0223123 0.0235295 0 0 0 0 0 
267 0.00795723 0.372119 0.301089 0.318835 0 0 0 0 0 0 
268 0 0.409091 0.542716 0.0481926 0 0 0 0 0 0 
269 0 0.659151 0.2544 0.0690899 0.0173588 0 0 0 0 0 
270 0.00795723 0.572119 0.300947 0.118976 0 0 0 0 0 0 
271 0.10147 0.891853 0.00667684 0 0 0 0 0 0 0 
272 0 0.659151 0.2544 0.0690899 0.0173588 0 0 0 0 0 
273 0.00795723 0.572119 0.300947 0.118976 0 0 0 0 0 0 
274 0.0162229 0.800706 0.133122 0.0499484 7.40778e-07 0 0 0 0 0 
275 0.00902652 0.722305 0.210909 0.0577387 2.05556e-05 0 0 0 0 0 
276 0.0162391 0.937329 0.0310462 0.0153847 0 0 0 0 0 0 
277 0.0215784 0.747844 0.160027 0.0705498 0 0 0 0 0 0 
278 0.0162229 0.800706 0.133122 0.0499484 7.40778e-07 0 0 0 0 0 
279 0 0.659151 0.2544 0.06909 0.0173588 0 0 0 0 0 
280 0.00902652 0.522305 0.410909 0.0577387 2.05556e-05 0 0 0 0 0 
281 0.0162229 0.800706 0.133122 0.0499484 7.40778e-07 0 0 0 0 0 
282 0.0162229 0.800706 0.133122 0.0499484 7.40778e-07 0 0 0 0 0 
283 0.032282 0.683598 0.217596 0.0616584 0.00486459 0 0 0 0 0 
284 0.0162392 0.937329 0.0310462 0.0153847 0 0 0 0 0 0 
285 0 0.459151 0.4544 0.0690899 0.0173588 0 0 0 0 0 
286 0.026902 0.736332 0.18133 0.051382 0.00405383 0 0 0 0 0 
287 0 0.382626 0.545333 0.057575 0.0144656 0 0 0 0 0 
288 0 0.715959 0.212 0.057575 0.0144656 0 0 0 0 0 
289 0.015439 0.819576 0.114592 0.0503927 0 0 0 0 0 0 
290 0.0135191 0.833921 0.110935 0.0416237 6.17315e-07 0 0 0 0 0 
291 0.0234493 0.257453 0.673255 0.0223123 0.0235295 0 0 0 0 0 
292 0.00795723 0.572119 0.300947 0.118976 0 0 0 0 0 0 
293 0.0162229 0.800706 0.133122 0.0499484 7.40778e-07 0 0 0 0 0 
294 0.00663103 0.310099 0.259912 0.423357 0 0 0 0 0 0 
295 0.00795723 0.572119 0.300947 0.118976 0 0 0 0 0 0 
296 0.00902656 0.722305 0.210909 0.0577387 2.05556e-05 0 0 0 0 0 
297 0.0457143 0.256995 0.65142 0.0458703 0 0 0 0 0 0 
298 0.00902652 0.722305 0.210909 0.0577387 2.05556e-05 0 0 0 0 0 
299 0.0269017 0.736332 0.18133 0.051382 0.00405383 0 0 0 0 0 
300 0 0.715959 0.212 0.057575 0.0144656 0 0 0 0 0 
301 0.0201763 0.802249 0.135998 0.0385365 0.00304037 0 0 0 0 0 
302 0.0162229 0.800706 0.133122 0.0499484 7.40778e-07 0 0 0 0 0 
303 0.0555256 0.916638 0.0278362 0 0 0 0 0 0 0 
304 0.0162229 0.800706 0.133122 0.0499484 7.40778e-07 0 0 0 0 0 
305 0.017982 0.78987 0.133356 0.0587915 0 0 0 0 0 0 
306 0 0.459152 0.454399 0.06909 0.0173588 0 0 0 0 0 
307 0.0162229 0.800705 0.133123 0.0499484 7.40777e-07 0 0 0 0 0 
308 0.00902652 0.522305 0.210909 0.257739 2.05556e-05 0 0 0 0 0 
309 0.0162229 0.800706 0.133122 0.0499484 7.40778e-07 0 0 0 0 0 
310 0.032282 0.683598 0.217596 0.0616583 0.00486459 0 0 0 0 0 
311 0.0195411 0.278628 0.663629 0.0185936 0.0196079 0 0 0 0 0 
312 0.0162229 0.800706 0.133122 0.0499484 7.40778e-07 0 0 0 0 0 
313 0.0162229 0.800706 0.133122 0.0499484 7.40778e-07 0 0 0 0 0 
314 0.0380952 0.214162 0.709517 0.0382252 0 0 0 0 0 0 
315 0.032282 0.683598 0.217596 0.0616583 0.00486459 0 0 0 0 0 
316 0.0215784 0.747844 0.160027 0.0705498 0 0 0 0 0 0 
317 0 0.300313 0.665263 0.0344233 0 0 0 0 0 0 
318 0.00795723 0.572119 0.300947 0.118976 0 0 0 0 0 0 
319 0.0269028 0.569664 0.347997 0.051382 0.00405383 0 0 0 0 0 
320 0.0269017 0.569665 0.347997 0.051382 0.00405383 0 0 0 0 0 
321 0.00564158 0.469383 0.488876 0.0360867 1.28472e-05 0 0 0 0 0 
322 0 0.609091 0.342716 0.0481926 0 0 0 0 0 0 
323 0 0.4 0.6 0 0 0 0 0 0 0 
324 0 0.459151 0.4544 0.0690899 0.0173588 0 0 0 0 0 
325 0.0215784 0.747844 0.160027 0.0705498 0 0 0 0 0 0 
326 0.0230586 0.773998 0.155426 0.0440417 0.00347471 0 0 0 0 0 
327 0.0075221 0.601921 0.342424 0.0481156 1.71297e-05 0 0 0 0 0 
328 0.00902652 0.522305 0.210909 0.257739 2.05556e-05 0 0 0 0 0 
329 0.0162229 0.800706 0.133122 0.0499484 7.40778e-07 0 0 0 0 0 
330 0.032282 0.683598 0.217596 0.0616583 0.00486459 0 0 0 0 0 
331 0.0234493 0.257453 0.473256 0.0223123 0.223529 0 0 0 0 0 
332 0.0200581 0.920717 0.0399647 0.0192583 2.09045e-06 0 0 0 0 0 
333 0.0135191 0.666008 0.278848 0.0416241 6.17315e-07 0 0 0 0 0 
334 0.00902652 0.722305 0.210909 0.0577387 2.05556e-05 0 0 0 0 0 
335 0.0162229 0.800706 0.133122 0.0499484 7.40778e-07 0 0 0 0 0 
336 0.0162229 0.627898 0.305929 0.0499484 7.40777e-07 0 0 0 0 0 
337 0.0135191 0.833921 0.110935 0.0416237 6.17315e-07 0 0 0 0 0 
338 0.032282 0.483598 0.417596 0.0616583 0.00486459 0 0 0 0 0 
339 0.00902652 0.722305 0.210909 0.0577387 2.05556e-05 0 0 0 0 0 
340 0.032282 0.683598 0.217596 0.0616583 0.00486459 0 0 0 0 0 
341 0.00967219 0.570404 0.300947 0.118976 0 0 0 0 0 0 
342 0.0162229 0.600706 0.333122 0.0499484 7.40778e-07 0 0 0 0 0 
343 0.032282 0.683598 0.217596 0.0616584 0.00486459 0 0 0 0 0 
344 0 0.459151 0.403863 0.119627 0.0173588 0 0 0 0 0 
345 0.0215784 0.598381 0.30949 0.0705498 0 0 0 0 0 0 
346 0 0.459151 0.4544 0.0690899 0.0173588 0 0 0 0 0 
347 0.0215784 0.694565 0.213306 0.0705498 0 0 0 0 0 0 
348 0.00902652 0.522305 0.410909 0.0577387 2.05556e-05 0 0 0 0 0 
349 0.0457143 0.256995 0.65142 0.0458703 0 0 0 0 0 0 
350 0.0162229 0.800706 0.133122 0.0499484 7.40778e-07 0 0 0 0 0 
351 0 0.222222 0.777777 0 0 0 0 0 0 0 
352 0.00902652 0.524406 0.408808 0.0577387 2.05556e-05 0 0 0 0 0 
353 0 0.409091 0.342716 0.248192 0 0 0 0 0 0 
354 0.00646316 0.518644 0.289917 0.184398 0.000577308 0 0 0 0 0 
355 0.0457143 0.256995 0.45142 0.24587 0 0 0 0 0 0 
356 0 0.533333 0.333859 0.132807 0 0 0 0 0 0 
357 0 0.659151 0.2544 0.0690899 0.0173588 0 0 0 0 0 
358 0 0.133529 0.86647 0 0 0 0 0 0 0 
359 0.0195411 0.547877 0.39438 0.0185936 0.0196079 0 0 0 0 0 
360 0.00795723 0.372119 0.300947 0.318976 0 0 0 0 0 0 
361 0.0457143 0.256995 0.65142 0.0458703 0 0 0 0 0 0 
362 0.032282 0.483598 0.417596 0.0616583 0.00486459 0 0 0 0 0 
363 0 0.409095 0.542712 0.0481928 0 0 0 0 0 0 
364 0.0229235 0.909391 0.045674 0.0220095 2.38909e-06 0 0 0 0 0 
365 0.0229235 0.909391 0.045674 0.0220095 2.38909e-06 0 0 0 0 0 
366 0.30449 0.492567 0.155426 0.0440417 0.00347471 0 0 0 0 0 
367 0.0380952 0.380829 0.54285 0.0382252 0 0 0 0 0 0 
368 0 0.659151 0.2544 0.0690899 0.0173588 0 0 0 0 0 
369 0.0269017 0.736332 0.18133 0.051382 0.00405383 0 0 0 0 0 
370 0.0215784 0.747844 0.160027 0.0705498 0 0 0 0 0 0 
371 0.0075221 0.601921 0.342424 0.0481156 1.71297e-05 0 0 0 0 0 
372 0.00902652 0.722305 0.210909 0.0577387 2.05556e-05 0 0 0 0 0 
373 0 0.507576 0.452263 0.0401605 0 0 0 0 0 0 
374 0.00795723 0.372119 0.500947 0.118976 0 0 0 0 0 0 
375 0.00902652 0.722305 0.210909 0.0577387 2.05556e-05 0 0 0 0 0 
376 0.032093 0.673147 0.0699389 0.224818 3.34472e-06 0 0 0 0 0 
377 0.0075221 0.435978 0.507795 0.0486872 1.71296e-05 0 0 0 0 0 
378 0.00644751 0.658688 0.293607 0.0412419 1.46826e-05 0 0 0 0 0 
379 0.00795723 0.372119 0.500947 0.118976 0 0 0 0 0 0 
380 0.0215784 0.747844 0.160027 0.0705498 0 0 0 0 0 0 
381 0.00795723 0.572119 0.300947 0.118976 0 0 0 0 0 0 
382 0 0.733333 0.133859 0.132807 0 0 0 0 0 0 
383 0.0457143 0.256995 0.65142 0.0458703 0 0 0 0 0 0 
384 0.00795723 0.372119 0.500947 0.118976 0 0 0 0 0 0 
385 0.0115878 0.857647 0.095087 0.0356774 5.29127e-07 0 0 0 0 0 
386 0.00663103 0.310099 0.326969 0.3563 0 0 0 0 0 0 
387 0.0162564 0.800672 0.133122 0.0499484 7.40778e-07 0 0 0 0 0 
388 0.0075221 0.435254 0.184142 0.373064 1.71297e-05 0 0 0 0 0 
389 0.0200581 0.789428 0.171254 0.0192583 2.09045e-06 0 0 0 0 0 
390 0 0.609091 0.342716 0.0481926 0 0 0 0 0 0 
391 0.00644751 0.373075 0.57922 0.041242 1.46826e-05 0 0 0 0 0 
392 0.0162229 0.800706 0.133122 0.0499484 7.40778e-07 0 0 0 0 0 
393 0.0215784 0.547844 0.360027 0.0705498 0 0 0 0 0 0 
394 0.032282 0.483598 0.417596 0.0616583 0.00486459 0 0 0 0 0 
395 0.00795723 0.372119 0.500947 0.118976 0 0 0 0 0 0 
396 0 0.459215 0.454336 0.06909 0.0173588 0 0 0 0 0 
397 0.00902652 0.522305 0.210909 0.257739 2.05556e-05 0 0 0 0 0 
398 0.0162229 0.800706 0.133122 0.0499484 7.40778e-07 0 0 0 0 0 
399 0.032282 0.683598 0.217596 0.0616583 0.00486459 0 0 0 0 0 
400 0.0162229 0.800706 0.133122 0.0499484 7.40778e-07 0 0 0 0 0 
401 0.032093 0.873147 0.0639436 0.0308133 3.34472e-06 0 0 0 0 0 
402 0.032282 0.683598 0.217596 0.0616583 0.00486459 0 0 0 0 0 
403 0.032093 0.673147 0.0639436 0.230813 3.34472e-06 0 0 0 0 0 
404 0.00795723 0.572119 0.300947 0.118976 0 0 0 0 0 0 
405 0.00505585 0.845643 0.117213 0.0320771 1.14198e-05 0 0 0 0 0 
406 0.017982 0.78987 0.133356 0.0587915 0 0 0 0 0 0 
407 0.0719543 0.833286 0.0639436 0.0308133 3.34472e-06 0 0 0 0 0 
408 0.169165 0.562167 0.210909 0.0577387 2.05556e-05 0 0 0 0 0 
409 0.0269017 0.569662 0.348 0.051382 0.00405383 0 0 0 0 0 
410 0.0215784 0.547844 0.160027 0.27055 0 0 0 0 0 0 
411 0.0075221 0.768587 0.175757 0.0481156 1.71297e-05 0 0 0 0 0 
412 0.0162229 0.800706 0.133122 0.0499484 7.40778e-07 0 0 0 0 0 
413 0.0230586 0.345431 0.583885 0.0441496 0.00347471 0 0 0 0 0 
414 0.00902652 0.522456 0.410758 0.0577387 2.05556e-05 0 0 0 0 0 
415 0.0215784 0.547844 0.160031 0.270546 0 0 0 0 0 0 
416 0 0.659151 0.2544 0.0690899 0.0173588 0 0 0 0 0 
417 0 0.659151 0.2544 0.0690899 0.0173588 0 0 0 0 0 
418 0.0162229 0.600706 0.333122 0.0499484 7.40777e-07 0 0 0 0 0 
419 0 0.266666 0.733333 0 0 0 0 0 0 0 
420 0.0162239 0.79997 0.133857 0.0499484 7.40778e-07 0 0 0 0 0 
421 0 0.674243 0.285596 0.0401605 0 0 0 0 0 0 
422 0.00902652 0.722305 0.210909 0.0577387 2.05556e-05 0 0 0 0 0 
423 0.0162229 0.600706 0.133122 0.249948 7.40777e-07 0 0 0 0 0 
424 0.00902652 0.722305 0.210909 0.0577387 2.05556e-05 0 0 0 0 0 
425 0.0162229 0.800706 0.133122 0.0499484 7.40778e-07 0 0 0 0 0 
426 0.127289 0.452787 0.300947 0.118976 0 0 0 0 0 0 
427 0.113686 0.602194 0.217596 0.0616584 0.00486459 0 0 0 0 0 
428 0.0335891 0.871651 0.0639436 0.0308133 3.34472e-06 0 0 0 0 0 
429 0.00902652 0.722305 0.210909 0.0577387 2.05556e-05 0 0 0 0 0 
430 0.00902652 0.722305 0.210909 0.0577387 2.05556e-05 0 0 0 0 0 
431 0 0.459151 0.4544 0.0690899 0.0173588 0 0 0 0 0 
432 0 0.733333 0.133859 0.132807 0 0 0 0 0 0 
433 0.00902734 0.722304 0.210909 0.0577387 2.05556e-05 0 0 0 0 0 
434 0.0135191 0.667104 0.111168 0.208208 6.17315e-07 0 0 0 0 0 
435 0.00795723 0.372119 0.500947 0.118976 0 0 0 0 0 0 
436 0 0.549292 0.378666 0.057575 0.0144656 0 0 0 0 0 
437 0.0162229 0.600706 0.133122 0.249948 7.40777e-07 0 0 0 0 0 
438 0.00902652 0.722305 0.210909 0.0577387 2.05556e-05 0 0 0 0 0 
439 0.0632744 0.841966 0.0639436 0.0308133 3.34472e-06 0 0 0 0 0 
440 0.177845 0.553487 0.210909 0.0577387 2.05556e-05 0 0 0 0 0 
441 0.00644751 0.801646 0.150649 0.0412419 1.46826e-05 0 0 0 0 0 
442 0.00902652 0.722305 0.210909 0.0577387 2.05556e-05 0 0 0 0 0 
443 0.017982 0.620156 0.30307 0.0587915 0 0 0 0 0 0 
444 0 0.459151 0.4544 0.0690899 0.0173588 0 0 0 0 0 
445 0.129107 0.602152 0.231784 0.0342547 0.00270255 0 0 0 0 0 
446 0 0.659151 0.2544 0.0690899 0.0173588 0 0 0 0 0 
447 0 0.659151 0.2544 0.0690899 0.0173588 0 0 0 0 0 
448 0.0162229 0.800706 0.133122 0.0499484 7.40778e-07 0 0 0 0 0 
449 0.0215784 0.747844 0.160027 0.0705498 0 0 0 0 0 0 
450 0.0162229 0.800706 0.133122 0.0499484 7.40778e-07 0 0 0 0 0 
451 0.0162229 0.800706 0.133122 0.0499484 7.40778e-07 0 0 0 0 0 
452 0.00902652 0.722305 0.210909 0.0577387 2.05556e-05 0 0 0 0 0 
453 0 0.659151 0.2544 0.0690899 0.0173588 0 0 0 0 0 
454 0.00902652 0.722305 0.210909 0.0577387 2.05556e-05 0 0 0 0 0 
455 0.032282 0.683598 0.217596 0.0616583 0.00486459 0 0 0 0 0 
456 0.00902652 0.722305 0.210909 0.0577387 2.05556e-05 0 0 0 0 0 
457 0 0.659151 0.2544 0.0690899 0.0173588 0 0 0 0 0 
458 0.00902652 0.525962 0.407252 0.0577387 2.05556e-05 0 0 0 0 0 
459 0.032282 0.683598 0.217596 0.0616583 0.00486459 0 0 0 0 0 
460 0 0.659151 0.2544 0.0690899 0.0173588 0 0 0 0 0 
461 0.032282 0.683598 0.217596 0.0616583 0.00486459 0 0 0 0 0 
462 0.032282 0.683598 0.217596 0.0616583 0.00486459 0 0 0 0 0 
463 0.0215784 0.747844 0.160027 0.0705498 0 0 0 0 0 0 
464 0.032282 0.483598 0.417596 0.0616583 0.00486459 0 0 0 0 0 
465 0.032282 0.683598 0.217596 0.0616583 0.00486459 0 0 0 0 0 
466 0.0552882 0.916876 0.0278361 0 0 0 0 0 0 0 
467 0.00795723 0.572119 0.300947 0.118976 0 0 0 0 0 0 
468 0 0.609091 0.342716 0.0481926 0 0 0 0 0 0 
469 0.0075221 0.435258 0.342504 0.214698 1.80328e-05 0 0 0 0 0 
470 0.00902652 0.722299 0.210915 0.0577387 2.05556e-05 0 0 0 0 0 
471 0.0457143 0.456995 0.45142 0.0458703 0 0 0 0 0 0 
472 0.0162229 0.800706 0.133122 0.0499484 7.40778e-07 0 0 0 0 0 
473 0.0457143 0.456995 0.45142 0.0458703 0 0 0 0 0 0 
474 0.288889 0 0.511689 0.199421 0 0 0 0 0 0 
475 0 0.160241 0.839758 0 0 0 0 0 0 0 
476 0.00795723 0.372119 0.500947 0.118976 0 0 0 0 0 0 
477 0.0215784 0.747841 0.16003 0.0705498 0 0 0 0 0 0 
478 0.032282 0.683598 0.217596 0.0616583 0.00486459 0 0 0 0 0 
479 0.0215784 0.547844 0.160027 0.27055 0 0 0 0 0 0 
480 0.0145878 0.942339 0.0290654 0.014006 1.52033e-06 0 0 0 0 0 
481 0.0107892 0.873922 0.0800136 0.0352749 0 0 0 0 0 0 
482 0.0162229 0.800706 0.133122 0.0499484 7.40778e-07 0 0 0 0 0 
483 0.0215784 0.747844 0.160027 0.0705498 0 0 0 0 0 0 
484 0.00902652 0.522326 0.410888 0.0577387 2.05556e-05 0 0 0 0 0 
485 0.00902652 0.722305 0.210909 0.0577387 2.05556e-05 0 0 0 0 0 
486 0.00902652 0.522305 0.410909 0.0577387 2.05556e-05 0 0 0 0 0 
487 0.0075221 0.601921 0.342424 0.0481156 1.71297e-05 0 0 0 0 0 
488 0 0.733333 0.133859 0.132807 0 0 0 0 0 0 
489 0.00795723 0.374768 0.498297 0.118976 0 0 0 0 0 0 
490 0.00902652 0.522305 0.410909 0.0577387 2.05556e-05 0 0 0 0 0 
491 0 0.533333 0.134648 0.332018 0 0 0 0 0 0 
492 0.0215784 0.547844 0.160027 0.27055 0 0 0 0 0 0 
493 0.0162229 0.800706 0.133122 0.0499484 7.40778e-07 0 0 0 0 0 
494 0 0.659151 0.2544 0.0690899 0.0173588 0 0 0 0 0 
495 0.0162229 0.800706 0.133122 0.0499484 7.40778e-07 0 0 0 0 0 
496 0.0215784 0.547844 0.360027 0.0705498 0 0 0 0 0 0 
497 0.00902652 0.522305 0.410909 0.0577387 2.05556e-05 0 0 0 0 0 
498 0.032093 0.873147 0.0639436 0.0308133 3.34472e-06 0 0 0 0 0 
499 0.00795723 0.37215 0.500916 0.118976 0 0 0 0 0 0 
500 0.0162229 0.600706 0.333122 0.0499484 7.40777e-07 0 0 0 0 0 
501 0.0162229 0.600706 0.133122 0.249948 7.40777e-07 0 0 0 0 0 
502 0 0.666666 0.333333 0 0 0 0 0 0 0 
503 0 0.392365 0.465343 0.131443 0.0108492 0 0 0 0 0 
504 0 0.409091 0.432925 0.157984 0 0 0 0 0 0 
505 0.0234493 0.257453 0.673255 0.0223123 0.0235295 0 0 0 0 0 
506 0.0215784 0.547844 0.360027 0.0705498 0 0 0 0 0 0 
507 0 0.459151 0.2544 0.0690899 0.217359 0 0 0 0 0 
508 0.00902652 0.722305 0.210909 0.0577387 2.05556e-05 0 0 0 0 0 
509 0.00795723 0.572119 0.300947 0.118976 0 0 0 0 0 0 
510 0.0162391 0.73733 0.0310462 0.215384 0 0 0 0 0 0 
511 0 0.409091 0.542716 0.0481926 0 0 0 0 0 0 
512 0.0162229 0.800706 0.133122 0.0499484 7.40778e-07 0 0 0 0 0 
513 0.032282 0.483598 0.417596 0.0616583 0.00486459 0 0 0 0 0 
514 0.00902652 0.722305 0.210909 0.0577387 2.05556e-05 0 0 0 0 0 
515 0.0215784 0.747844 0.160027 0.0705498 0 0 0 0 0 0 
516 0.0215784 0.747844 0.160027 0.0705498 0 0 0 0 0 0 
517 0.032093 0.873147 0.0639436 0.0308133 3.34472e-06 0 0 0 0 0 
518 0 0.659151 0.2544 0.06909 0.0173588 0 0 0 0 0 
519 0.032282 0.483809 0.417385 0.0616584 0.00486459 0 0 0 0 0 
520 0.00925099 0.762386 0.192263 0.0360867 1.28472e-05 0 0 0 0 0 
521 0 0.192522 0.807477 0 0 0 0 0 0 0 
522 0 0.459151 0.254495 0.268971 0.0173825 0 0 0 0 0 
523 0.032093 0.673147 0.0641245 0.230632 3.34472e-06 0 0 0 0 0 
524 0.017982 0.78987 0.133356 0.0587915 0 0 0 0 0 0 
525 0.0162391 0.937329 0.0310462 0.0153847 0 0 0 0 0 0 
526 0.0162229 0.600706 0.333122 0.0499484 7.40777e-07 0 0 0 0 0 
527 0 0.459151 0.2544 0.26909 0.0173588 0 0 0 0 0 
528 0.032282 0.483598 0.417596 0.0616583 0.00486459 0 0 0 0 0 
529 0.0162229 0.800308 0.13352 0.0499484 7.40777e-07 0 0 0 0 0 
530 0.0457143 0.456995 0.45142 0.0458703 0 0 0 0 0 0 
531 0.0162229 0.800706 0.133122 0.0499484 7.40778e-07 0 0 0 0 0 
532 0.032282 0.483598 0.417596 0.0616584 0.00486459 0 0 0 0 0 
533 0.032282 0.683598 0.217596 0.0616583 0.00486459 0 0 0 0 0 
534 0.0162229 0.800706 0.133122 0.0499484 7.40778e-07 0 0 0 0 0 
535 0.0215784 0.747844 0.160027 0.0705498 0 0 0 0 0 0 
536 0.032282 0.483598 0.417596 0.0616583 0.00486459 0 0 0 0 0 
537 0.032282 0.483598 0.417596 0.0616583 0.00486459 0 0 0 0 0 
538 0.0162229 0.800706 0.133122 0.0499484 7.40778e-07 0 0 0 0 0 
539 0.0162229 0.600706 0.333122 0.0499484 7.40777e-07 0 0 0 0 0 
540 0.0457143 0.299474 0.608941 0.0458703 0 0 0 0 0 0 
541 0.0115878 0.857647 0.095087 0.0356774 5.29127e-07 0 0 0 0 0 
542 0.0162391 0.937329 0.0310462 0.0153847 0 0 0 0 0 0 
543 0.0154131 0.819889 0.114305 0.0503927 0 0 0 0 0 0 
544 0.0215784 0.547844 0.160063 0.270513 0 0 0 0 0 0 
545 0.0075221 0.768588 0.175757 0.0481156 1.71297e-05 0 0 0 0 0 
546 0.0195411 0.214662 0.727595 0.0185936 0.0196079 0 0 0 0 0 
547 0 0.659151 0.2544 0.0690899 0.0173588 0 0 0 0 0 
548 0.032282 0.483598 0.417596 0.0616588 0.00486459 0 0 0 0 0 
549 0 0.549292 0.378667 0.057575 0.0144656 0 0 0 0 0 
550 0.00902652 0.722305 0.210909 0.0577387 2.05556e-05 0 0 0 0 0 
551 0.00825598 0.57182 0.300947 0.118976 0 0 0 0 0 0 
552 0.0162391 0.73733 0.231046 0.0153847 0 0 0 0 0 0 
553 0.00497331 0.732344 0.188322 0.0743603 0 0 0 0 0 0 
554 0.0118508 0.857384 0.095087 0.0356774 5.29127e-07 0 0 0 0 0 
555 0.0267441 0.894289 0.0532863 0.0256777 2.78727e-06 0 0 0 0 0 
556 0 0.659151 0.2544 0.0690899 0.0173588 0 0 0 0 0 
557 0.0162229 0.636169 0.297659 0.0499484 7.40777e-07 0 0 0 0 0 
558 0 0.623687 0.289863 0.0690899 0.0173588 0 0 0 0 0 
559 0.032282 0.483598 0.217596 0.261658 0.00486459 0 0 0 0 0 
560 0.0234493 0.454917 0.475791 0.0223123 0.0235295 0 0 0 0 0 
561 0 0.659151 0.2544 0.0690899 0.0173588 0 0 0 0 0 
562 0.032282 0.683598 0.217596 0.0616583 0.00486459 0 0 0 0 0 
563 0.032282 0.683598 0.217596 0.0616583 0.00486459 0 0 0 0 0 
564 0.032282 0.483598 0.217596 0.0616584 0.204865 0 0 0 0 0 
565 0.032282 0.483598 0.417596 0.0616583 0.00486459 0 0 0 0 0 
566 0.00795723 0.572119 0.300947 0.118976 0 0 0 0 0 0 
567 0.00902652 0.522305 0.410909 0.0577387 2.05556e-05 0 0 0 0 0 
568 0.0162229 0.740654 0.193174 0.0499484 7.40777e-07 0 0 0 0 0 
569 0 0.459151 0.4544 0.0690899 0.0173588 0 0 0 0 0 
570 0.0215784 0.747844 0.160027 0.0705498 0 0 0 0 0 0 
571 0.0162229 0.800706 0.133122 0.0499484 7.40778e-07 0 0 0 0 0 
572 0.032282 0.483598 0.217596 0.261658 0.00486459 0 0 0 0 0 
573 0.0215793 0.747843 0.160027 0.0705498 0 0 0 0 0 0 
574 0.0215784 0.747844 0.160027 0.0705498 0 0 0 0 0 0 
575 0.00902652 0.722305 0.210909 0.0577387 2.05556e-05 0 0 0 0 0 
576 0.032093 0.673147 0.263944 0.0308133 3.34472e-06 0 0 0 0 0 
577 0.032093 0.873147 0.0639436 0.0308133 3.34472e-06 0 0 0 0 0 
578 0.0888889 0 0.711689 0.199421 0 0 0 0 0 0 
579 0.0162229 0.800706 0.133122 0.0499484 7.40778e-07 0 0 0 0 0 
580 0.0162229 0.600715 0.333112 0.0499484 7.40777e-07 0 0 0 0 0 
581 0 0.409091 0.542716 0.0481926 0 0 0 0 0 0 
582 0.00902652 0.722305 0.210909 0.0577387 2.05556e-05 0 0 0 0 0 
583 0.0162229 0.600706 0.333122 0.0499484 7.40777e-07 0 0 0 0 0 
584 0.0135325 0.667234 0.110964 0.208269 6.17315e-07 0 0 0 0 0 
585 0 0.409091 0.542716 0.0481926 0 0 0 0 0 0 
586 0.0162229 0.642853 0.290975 0.0499484 7.40777e-07 0 0 0 0 0 
587 0.0135191 0.63212 0.146119 0.208223 1.82881e-05 0 0 0 0 0 
588 0 0.466666 0.533333 0 0 0 0 0 0 0 
589 0 0.47272 0.440831 0.06909 0.0173588 0 0 0 0 0 
590 0.0135191 0.681263 0.263594 0.0416237 6.17315e-07 0 0 0 0 0 
591 0.032282 0.683598 0.217596 0.0616584 0.00486459 0 0 0 0 0 
592 0 0.659151 0.2544 0.0690899 0.0173588 0 0 0 0 0 
593 0 0.409091 0.342716 0.248193 0 0 0 0 0 0 
594 0.00795723 0.373987 0.493188 0.124867 0 0 0 0 0 0 
595 0.032093 0.873147 0.0639436 0.0308133 3.34472e-06 0 0 0 0 0 
596 0.00902652 0.722305 0.210909 0.0577387 2.05556e-05 0 0 0 0 0 
597 0 0.733333 0.133859 0.132807 0 0 0 0 0 0 
598 0 0.459151 0.2544 0.26909 0.0173588 0 0 0 0 0 
599 0 0.459151 0.2544 0.0698637 0.216585 0 0 0 0 0 
600 0.00902652 0.536037 0.397177 0.0577387 2.05556e-05 0 0 0 0 0 
601 0.032282 0.483598 0.417596 0.0616583 0.00486459 0 0 0 0 0 
602 0 0.459151 0.4544 0.0690899 0.0173588 0 0 0 0 0 
603 0.0215784 0.547844 0.360027 0.0705498 0 0 0 0 0 0 
604 0.0162229 0.600706 0.133122 0.249948 7.40777e-07 0 0 0 0 0 
605 0.0162229 0.800706 0.133122 0.0499484 7.40778e-07 0 0 0 0 0 
606 0.0162229 0.800706 0.133122 0.0499484 7.40778e-07 0 0 0 0 0 
607 0 0.459151 0.4544 0.06909 0.0173588 0 0 0 0 0 
608 0.0457143 0.256995 0.451505 0.245786 0 0 0 0 0 0 
609 0.0162391 0.73733 0.231046 0.0153847 0 0 0 0 0 0 
610 0.00795723 0.372119 0.389942 0.229981 0 0 0 0 0 0 
611 0.00902652 0.722305 0.210909 0.0577387 2.05556e-05 0 0 0 0 0 
612 0.0215784 0.747844 0.160027 0.0705498 0 0 0 0 0 0 
613 0.0162391 0.937329 0.0310462 0.0153847 0 0 0 0 0 0 
614 0 0.459151 0.4544 0.0690899 0.0173588 0 0 0 0 0 
615 0 0.459151 0.257748 0.265741 0.0173588 0 0 0 0 0 
616 0 0.659151 0.2544 0.06909 0.0173588 0 0 0 0 0 
617 0.0229235 0.623676 0.331388 0.0220095 2.38909e-06 0 0 0 0 0 
618 0.0457143 0.456995 0.45142 0.0458703 0 0 0 0 0 0 
619 0 0.459867 0.453676 0.0690979 0.0173588 0 0 0 0 0 
620 0 0 0.999999 0 0 0 0 0 0 0 
621 0.0234493 0.373416 0.557292 0.0223123 0.0235295 0 0 0 0 0 
622 0.032282 0.567638 0.333556 0.0616584 0.00486459 0 0 0 0 0 
623 0.00902652 0.522506 0.410451 0.0579953 2.05556e-05 0 0 0 0 0 
624 0.00902652 0.522305 0.410909 0.0577387 2.05556e-05 0 0 0 0 0 
625 0.032282 0.483598 0.217596 0.261658 0.00486459 0 0 0 0 0 
626 0.0162229 0.800706 0.133122 0.0499484 7.40778e-07 0 0 0 0 0 
627 0.00902652 0.722305 0.210909 0.0577387 2.05556e-05 0 0 0 0 0 
628 0.0162229 0.600918 0.332909 0.0499484 7.40777e-07 0 0 0 0 0 
629 0.0162229 0.800493 0.133334 0.0499484 7.40778e-07 0 0 0 0 0 
630 0.0215784 0.547844 0.360027 0.0705498 0 0 0 0 0 0 
631 0.0321387 0.873101 0.0639436 0.0308133 3.34472e-06 0 0 0 0 0 
632 0.00795723 0.372119 0.500947 0.118976 0 0 0 0 0 0 
633 0 0.160374 0.839625 0 0 0 0 0 0 0 
634 0.0215784 0.747844 0.160027 0.0705498 0 0 0 0 0 0 
635 0.032093 0.873147 0.0639436 0.0308133 3.34472e-06 0 0 0 0 0 
636 0 0.659151 0.2544 0.0690899 0.0173588 0 0 0 0 0 
637 0.032282 0.483633 0.417562 0.0616583 0.00486459 0 0 0 0 0 
638 0 0.459151 0.2544 0.26909 0.0173588 0 0 0 0 0 
639 0.032093 0.873147 0.0639436 0.0308133 3.34472e-06 0 0 0 0 0 
640 0 0.266666 0.733333 0 0 0 0 0 0 0 
