1 1 5 100 1
0 2 5 100 0.000310302
1 2 5 100 0.999524
3 2 5 100 0.000165439
2 3 5 100 0.995825
4 3 5 100 0.0041747
2 4 5 100 0.8
3 4 5 100 0.2
3 5 5 100 0.800002
4 5 5 100 0.199998
0 6 5 100 7.34899e-06
3 6 5 100 0.4
4 6 5 100 0.2
5 6 5 100 0.399993
0 7 5 100 0.00574944
4 7 5 100 0.744251
5 7 5 100 0.25
2 8 5 100 0.333333
3 8 5 100 0.333333
5 8 5 100 0.333333
0 9 5 100 0.000922921
4 9 5 100 0.996707
5 9 5 100 0.00237018
5 10 5 100 1
1 1 6 100 0.750494
2 1 6 100 0.249506
2 2 6 100 1
0 3 6 100 4.47217e-05
3 3 6 100 0.749955
4 3 6 100 0.25
3 4 6 100 0.75
4 4 6 100 0.25
3 5 6 100 0.25
4 5 6 100 0.75
0 6 6 100 7.45511e-05
5 6 6 100 0.999925
4 7 6 100 0.25
5 7 6 100 0.25
6 7 6 100 0.5
5 8 6 100 1
0 9 6 100 0.000208745
5 9 6 100 0.499255
6 9 6 100 0.500536
6 10 6 100 1
1 1 7 100 1
2 2 7 100 1
3 3 7 100 0.750002
4 3 7 100 0.249998
0 4 7 100 7.19145e-06
3 4 7 100 0.374993
4 4 7 100 0.625
0 5 7 100 2.7806e-05
4 5 7 100 0.62454
5 5 7 100 0.375432
3 6 7 100 0.25
5 6 7 100 0.75
4 7 7 100 0.125
5 7 7 100 0.625002
6 7 7 100 0.249998
3 8 7 100 0.375001
6 8 7 100 0.374998
7 8 7 100 0.250001
4 9 7 100 0.166667
6 9 7 100 0.166665
7 9 7 100 0.666668
5 10 7 100 0.5
7 10 7 100 0.5
0 11 7 100 0.000119575
6 11 7 100 0.999629
7 11 7 100 0.000251262
7 12 7 100 1
1 1 8 100 1
0 2 8 100 9.3749e-06
1 2 8 100 0.0924855
2 2 8 100 0.818125
4 2 8 100 7.23499e-06
7 2 8 100 0.0893726
0 3 8 100 0.000162877
1 3 8 100 0.181818
2 3 8 100 0.0904722
3 3 8 100 0.63618
4 3 8 100 0.0913666
0 4 8 100 0.000121471
2 4 8 100 0.363653
3 4 8 100 0.0908831
4 4 8 100 0.545342
0 5 8 100 1.00002e-05
3 5 8 100 0.454545
4 5 8 100 0.181808
5 5 8 100 0.316549
6 5 8 100 0.0470875
0 6 8 100 1.44228e-05
4 6 8 100 0.181818
5 6 8 100 0.735655
6 6 8 100 0.0825127
0 7 8 100 0.0909091
4 7 8 100 0.0909092
5 7 8 100 0.0285042
6 7 8 100 0.787067
7 7 8 100 0.00261012
4 8 8 100 0.0909092
5 8 8 100 0.181818
6 8 8 100 0.181926
7 8 8 100 0.545347
0 9 8 100 0.000111926
3 9 8 100 3.25391e-06
5 9 8 100 0.0909092
6 9 8 100 0.363634
7 9 8 100 0.363236
8 9 8 100 0.182106
5 10 8 100 0.222222
6 10 8 100 0.111111
7 10 8 100 0.333333
8 10 8 100 0.333333
0 11 8 100 0.0258816
6 11 8 100 0.333333
7 11 8 100 0.166667
8 11 8 100 0.474118
0 12 8 100 3.91871e-06
7 12 8 100 0.749999
8 12 8 100 0.249997
0 13 8 100 0.119976
8 13 8 100 0.880024
0 14 8 100 3.6331e-05
8 14 8 100 0.999964
1 1 9 100 1
1 2 9 100 0.142857
2 2 9 100 0.714286
5 2 9 100 0.142857
0 3 9 100 1.84997e-05
1 3 9 100 2.27706e-05
2 3 9 100 0.142857
3 3 9 100 0.714275
5 3 9 100 0.142816
7 3 9 100 1.09274e-05
0 4 9 100 0.0019285
2 4 9 100 0.142857
3 4 9 100 0.142857
4 4 9 100 0.5695
5 4 9 100 0.142857
3 5 9 100 0.142857
4 5 9 100 0.714231
5 5 9 100 0.142912
4 6 9 100 0.142857
5 6 9 100 0.857143
0 7 9 100 0.000615931
6 7 9 100 0.999384
0 8 9 100 2.58739e-05
3 8 9 100 9.41944e-06
7 8 9 100 0.999965
5 9 9 100 0.285715
6 9 9 100 0.285715
7 9 9 100 0.142858
8 9 9 100 0.285711
0 10 9 100 4.23972e-05
6 10 9 100 0.285714
7 10 9 100 0.308395
8 10 9 100 0.120134
9 10 9 100 0.285714
7 11 9 100 0.6
8 11 9 100 0.4
0 12 9 100 0.000346505
6 12 9 100 0.199987
7 12 9 100 0.200001
8 12 9 100 0.399025
9 12 9 100 0.200641
7 13 9 100 0.25
8 13 9 100 0.25
9 13 9 100 0.5
8 14 9 100 0.499996
9 14 9 100 0.500004
9 15 9 100 1
1 1 10 100 0.916667
2 1 10 100 0.0833333
0 2 10 100 0.000167884
1 2 10 100 0.0833333
2 2 10 100 0.90622
6 2 10 100 0.000154624
8 2 10 100 0.0101244
0 3 10 100 0.0025204
2 3 10 100 0.41665
3 3 10 100 0.418507
4 3 10 100 0.0833333
5 3 10 100 0.0788317
7 3 10 100 0.000157094
1 4 10 100 9.65445e-07
2 4 10 100 0.0833333
3 4 10 100 0.583333
4 4 10 100 0.333241
10 4 10 100 9.09428e-05
3 5 10 100 0.333333
4 5 10 100 0.416667
5 5 10 100 0.249925
9 5 10 100 7.47853e-05
3 6 10 100 0.0833334
4 6 10 100 0.583334
5 6 10 100 0.166666
6 6 10 100 0.166667
3 7 10 100 0.0833334
4 7 10 100 0.489588
5 7 10 100 0.177079
6 7 10 100 0.0833334
7 7 10 100 0.0833334
8 7 10 100 0.0833334
2 8 10 100 0.0675221
4 8 10 100 0.0833333
5 8 10 100 0.583333
6 8 10 100 0.261719
8 8 10 100 0.00409199
0 9 10 100 0.00361524
5 9 10 100 0.246426
6 9 10 100 0.250057
7 9 10 100 0.333236
8 9 10 100 0.166666
0 10 10 100 0.00450979
2 10 10 100 1.4574e-06
3 10 10 100 1.70754e-06
6 10 10 100 0.25
7 10 10 100 0.078834
8 10 10 100 0.583018
9 10 10 100 0.0836352
0 11 10 100 0.090909
6 11 10 100 0.727266
7 11 10 100 0.0909093
9 11 10 100 0.0909156
1 12 10 100 0.000254955
7 12 10 100 0.812868
8 12 10 100 0.0959677
10 12 10 100 0.0909091
0 13 10 100 3.3234e-06
7 13 10 100 0.1
8 13 10 100 0.471907
9 13 10 100 0.428084
10 13 10 100 5.90987e-06
7 14 10 100 0.200001
8 14 10 100 0.200001
9 14 10 100 0.299998
10 14 10 100 0.300001
7 15 10 100 0.142857
8 15 10 100 0.285714
9 15 10 100 0.142857
10 15 10 100 0.428571
0 16 10 100 0.000238958
8 16 10 100 0.5
9 16 10 100 0.499107
10 16 10 100 0.000653875
6 17 10 100 0.25
8 17 10 100 0.25
10 17 10 100 0.5
9 18 10 100 1
0 19 10 100 0.225571
10 19 10 100 0.774428
0 20 10 100 4.5538e-05
10 20 10 100 0.999954
1 1 11 100 1
0 2 11 100 0.00582843
1 2 11 100 0.111111
2 2 11 100 0.785273
3 2 11 100 0.0525222
7 2 11 100 0.000256934
8 2 11 100 0.035812
9 2 11 100 0.0091962
0 3 11 100 0.00599354
2 3 11 100 0.731683
3 3 11 100 0.115197
8 3 11 100 0.0363313
10 3 11 100 0.110795
3 4 11 100 0.666667
4 4 11 100 0.333333
0 5 11 100 5.18596e-06
3 5 11 100 0.126163
4 5 11 100 0.540498
5 5 11 100 0.333334
0 6 11 100 0.00255498
3 6 11 100 0.111111
4 6 11 100 0.205566
5 6 11 100 0.666221
7 6 11 100 0.000445053
10 6 11 100 0.0141017
0 7 11 100 1.52432e-05
2 7 11 100 0.111111
3 7 11 100 0.0117155
4 7 11 100 0.210926
5 7 11 100 0.111102
6 7 11 100 0.44402
8 7 11 100 0.111111
6 8 11 100 0.667017
7 8 11 100 0.332983
5 9 11 100 0.111111
6 9 11 100 0.333333
7 9 11 100 0.555556
2 10 11 100 0.0737819
7 10 11 100 0.333333
8 10 11 100 0.592885
2 11 11 100 0.000793448
5 11 11 100 0.111111
8 11 11 100 0.665873
9 11 11 100 0.222222
0 12 11 100 0.00108382
7 12 11 100 1.12789e-05
9 12 11 100 0.887805
10 12 11 100 0.1111
8 13 11 100 0.444445
10 13 11 100 0.555555
8 14 11 100 0.333333
9 14 11 100 0.111111
10 14 11 100 0.111111
11 14 11 100 0.444444
6 15 11 100 0.2
9 15 11 100 0.594759
10 15 11 100 0.00524148
11 15 11 100 0.2
0 16 11 100 9.50369e-05
4 16 11 100 0.0316558
7 16 11 100 0.25
10 16 11 100 0.468249
11 16 11 100 0.25
0 17 11 100 0.000642325
9 17 11 100 0.333333
10 17 11 100 0.665151
11 17 11 100 0.000873303
10 18 11 100 0.666666
11 18 11 100 0.333334
10 19 11 100 0.5
11 19 11 100 0.5
11 20 11 100 1
1 1 12 100 0.680311
2 1 12 100 0.218619
4 1 12 100 0.10107
1 2 12 100 8.16351e-05
2 2 12 100 0.42299
3 2 12 100 0.576929
0 3 12 100 1.14237e-05
2 3 12 100 0.243927
3 3 12 100 0.285484
4 3 12 100 0.470359
5 3 12 100 5.66758e-05
7 3 12 100 0.000162697
3 4 12 100 0.285714
4 4 12 100 0.285714
5 4 12 100 0.428571
5 5 12 100 0.571428
6 5 12 100 0.285714
10 5 12 100 0.142857
0 6 12 100 0.142862
5 6 12 100 0.0334751
6 6 12 100 0.394889
7 6 12 100 0.285714
11 6 12 100 0.142857
12 6 12 100 0.000202701
6 7 12 100 0.428571
7 7 12 100 0.571429
0 8 12 100 7.47157e-05
3 8 12 100 0.000145449
6 8 12 100 0.142857
7 8 12 100 0.142652
8 8 12 100 0.714271
0 9 12 100 8.51865e-05
8 9 12 100 0.164238
9 9 12 100 0.692692
10 9 12 100 0.142985
0 10 12 100 0.000556241
5 10 12 100 0.142857
7 10 12 100 0.428571
8 10 12 100 0.285714
9 10 12 100 0.141339
10 10 12 100 0.000961484
6 11 12 100 0.145483
8 11 12 100 0.854517
0 12 12 100 8.22085e-05
7 12 12 100 0.142857
9 12 12 100 0.571098
10 12 12 100 0.143105
12 12 12 100 0.142857
6 13 12 100 0.000329924
7 13 12 100 0.166667
10 13 12 100 0.666337
11 13 12 100 0.166667
0 14 12 100 0.000184366
8 14 12 100 0.333334
11 14 12 100 0.666177
12 14 12 100 0.000304378
9 15 12 100 0.166667
10 15 12 100 0.333333
12 15 12 100 0.5
11 16 12 100 1
11 17 12 100 1
11 18 12 100 0.5
12 18 12 100 0.5
0 19 12 100 0.281275
12 19 12 100 0.718725
0 20 12 100 2.83269e-05
12 20 12 100 0.999972
1 1 13 100 0.75
2 1 13 100 0.25
2 2 13 100 0.604723
3 2 13 100 0.273411
6 2 13 100 0.121866
0 3 13 100 0.0159443
2 3 13 100 0.25
3 3 13 100 0.484056
4 3 13 100 0.25
2 4 13 100 0.125
3 4 13 100 0.25
4 4 13 100 0.5
5 4 13 100 0.125
3 5 13 100 0.125
4 5 13 100 0.25
5 5 13 100 0.625
4 6 13 100 0.25
5 6 13 100 0.25
6 6 13 100 0.5
1 7 13 100 3.27496e-05
5 7 13 100 0.375
6 7 13 100 0.0977237
7 7 13 100 0.124967
8 7 13 100 0.372746
10 7 13 100 0.0144847
13 7 13 100 0.0150458
5 8 13 100 0.125
6 8 13 100 0.5
7 8 13 100 0.125
9 8 13 100 0.25
0 9 13 100 0.00166182
7 9 13 100 0.498338
8 9 13 100 0.5
7 10 13 100 0.375
9 10 13 100 0.625
4 11 13 100 0.000431337
7 11 13 100 0.00712602
8 11 13 100 0.500947
9 11 13 100 0.00108677
10 11 13 100 0.490409
0 12 13 100 0.125032
9 12 13 100 0.249968
10 12 13 100 0.5
11 12 13 100 0.125
6 13 13 100 0.125
8 13 13 100 0.125
10 13 13 100 0.125
11 13 13 100 0.5
12 13 13 100 0.125
0 14 13 100 0.00900258
9 14 13 100 0.276712
10 14 13 100 0.285714
12 14 13 100 0.428571
0 15 13 100 1.41546e-05
9 15 13 100 0.2857
11 15 13 100 0.428571
12 15 13 100 0.285714
0 16 13 100 0.00151233
10 16 13 100 0.285714
12 16 13 100 0.567732
13 16 13 100 0.145042
0 17 13 100 0.0706015
4 17 13 100 2.29989e-05
10 17 13 100 0.166667
11 17 13 100 0.166667
13 17 13 100 0.596042
0 18 13 100 1.42529e-05
11 18 13 100 0.333333
12 18 13 100 0.333333
13 18 13 100 0.333319
12 19 13 100 1
13 20 13 100 1
1 1 14 100 1
1 2 14 100 0.285714
2 2 14 100 0.571429
3 2 14 100 0.142857
0 3 14 100 0.000604066
1 3 14 100 0.142857
3 3 14 100 0.791634
5 3 14 100 0.0648899
7 3 14 100 1.49948e-05
2 4 14 100 0.571429
4 4 14 100 0.285714
5 4 14 100 0.142857
2 5 14 100 0.285714
3 5 14 100 0.142857
4 5 14 100 0.142857
5 5 14 100 0.428571
0 6 14 100 9.60163e-05
2 6 14 100 0.133827
3 6 14 100 0.142857
4 6 14 100 0.152327
5 6 14 100 0.142857
6 6 14 100 0.428035
3 7 14 100 0.142857
4 7 14 100 0.146558
5 7 14 100 0.281522
6 7 14 100 0.429063
0 8 14 100 0.14281
4 8 14 100 0.285714
7 8 14 100 0.571429
11 8 14 100 4.71362e-05
5 9 14 100 0.285714
6 9 14 100 0.285714
7 9 14 100 7.95016e-05
8 9 14 100 0.428492
0 10 14 100 1.49766e-05
4 10 14 100 2.34585e-06
5 10 14 100 0.142857
7 10 14 100 0.428554
9 10 14 100 0.428571
0 11 14 100 0.0535996
1 11 14 100 4.03159e-05
5 11 14 100 0.142857
7 11 14 100 0.285714
9 11 14 100 0.142857
10 11 14 100 0.283392
13 11 14 100 0.0307628
14 11 14 100 0.0607764
5 12 14 100 6.72199e-05
6 12 14 100 0.285714
8 12 14 100 0.285714
10 12 14 100 0.428504
0 13 14 100 0.0928563
7 13 14 100 0.142857
8 13 14 100 0.142857
9 13 14 100 0.428571
11 13 14 100 0.142857
12 13 14 100 0.0500008
8 14 14 100 0.142857
9 14 14 100 0.142857
10 14 14 100 0.571429
12 14 14 100 0.142857
0 15 14 100 0.000172421
9 15 14 100 0.285543
11 15 14 100 0.57143
13 15 14 100 0.142855
8 16 14 100 0.142857
10 16 14 100 0.428571
12 16 14 100 0.285714
14 16 14 100 0.142857
0 17 14 100 0.166747
9 17 14 100 0.333334
11 17 14 100 0.166587
13 17 14 100 0.333332
10 18 14 100 0.33333
11 18 14 100 0.333311
12 18 14 100 2.5283e-05
13 18 14 100 0.166667
14 18 14 100 0.166667
0 19 14 100 0.199999
8 19 14 100 0.0129803
12 19 14 100 0.6
13 19 14 100 0.18702
11 20 14 100 0.400001
13 20 14 100 0.399999
14 20 14 100 0.2
0 21 14 100 0.000252765
11 21 14 100 0.25
12 21 14 100 0.25
13 21 14 100 0.249174
14 21 14 100 0.250573
12 22 14 100 0.666667
14 22 14 100 0.333333
13 23 14 100 0.993055
14 23 14 100 0.00694488
14 24 14 100 1
1 1 15 100 1
2 2 15 100 1
3 3 15 100 0.74806
4 3 15 100 0.251923
6 3 15 100 1.63864e-05
4 4 15 100 0.5
5 4 15 100 0.405939
9 4 15 100 0.0940612
0 5 15 100 0.00436952
4 5 15 100 0.244948
5 5 15 100 0.500684
7 5 15 100 0.247426
8 5 15 100 0.0025726
0 6 15 100 9.49471e-05
5 6 15 100 0.536507
6 6 15 100 0.124764
9 6 15 100 0.213398
13 6 15 100 0.125236
5 7 15 100 0.594231
6 7 15 100 0.25
9 7 15 100 0.155769
0 8 15 100 0.0227247
3 8 15 100 0.000980184
6 8 15 100 0.5
7 8 15 100 0.226295
10 8 15 100 0.25
3 9 15 100 0.251351
7 9 15 100 0.498649
10 9 15 100 0.249933
11 9 15 100 3.78977e-05
12 9 15 100 2.92748e-05
3 10 15 100 0.49767
7 10 15 100 0.25233
11 10 15 100 0.249966
12 10 15 100 3.3971e-05
4 11 15 100 0.25
8 11 15 100 0.466741
12 11 15 100 0.249999
13 11 15 100 0.0332591
7 12 15 100 0.25
8 12 15 100 0.249779
9 12 15 100 0.25
11 12 15 100 0.000220972
13 12 15 100 0.25
7 13 15 100 0.25
9 13 15 100 0.5
14 13 15 100 0.25
0 14 15 100 0.000227009
8 14 15 100 0.25
10 14 15 100 0.25
11 14 15 100 0.25
14 14 15 100 0.249398
15 14 15 100 0.000374778
9 15 15 100 0.25
11 15 15 100 0.25
12 15 15 100 0.204125
13 15 15 100 0.0458751
15 15 15 100 0.25
10 16 15 100 0.333335
11 16 15 100 0.333335
14 16 15 100 0.33333
6 17 15 100 0.302639
11 17 15 100 0.354836
13 17 15 100 0.00919126
15 17 15 100 0.333334
12 18 15 100 1
6 19 15 100 0.250463
13 19 15 100 0.749537
14 20 15 100 1
15 21 15 100 1
1 1 16 100 0.5
2 1 16 100 0.5
2 2 16 100 0.5
3 2 16 100 0.5
3 3 16 100 1
4 4 16 100 0.5
9 4 16 100 0.5
4 5 16 100 0.5
5 5 16 100 0.5
4 6 16 100 0.5
6 6 16 100 0.5
5 7 16 100 0.5
7 7 16 100 0.5
6 8 16 100 0.5
8 8 16 100 0.5
6 9 16 100 0.5
9 9 16 100 0.5
7 10 16 100 0.5
10 10 16 100 0.5
8 11 16 100 0.5
11 11 16 100 0.5
8 12 16 100 0.5
11 12 16 100 0.5
9 13 16 100 0.5
12 13 16 100 0.5
4 14 16 100 5.81052e-06
12 14 16 100 0.999994
10 15 16 100 0.5
13 15 16 100 0.5
11 16 16 100 0.500004
14 16 16 100 0.499996
12 17 16 100 0.5
15 17 16 100 0.5
12 18 16 100 1
12 19 16 100 0.00204087
14 19 16 100 0.997959
13 20 16 100 1
14 21 16 100 1
15 22 16 100 1
16 23 16 100 1
1 1 17 100 0.5
2 1 17 100 0.5
2 2 17 100 0.5
3 2 17 100 0.5
3 3 17 100 0.495433
4 3 17 100 0.503989
6 3 17 100 0.000577605
4 4 17 100 0.5
5 4 17 100 0.5
5 5 17 100 0.75
7 5 17 100 0.244665
8 5 17 100 0.00533516
6 6 17 100 0.75
8 6 17 100 0.00362116
9 6 17 100 0.246379
7 7 17 100 0.5
12 7 17 100 0.5
7 8 17 100 0.250002
8 8 17 100 0.499997
10 8 17 100 0.250002
7 9 17 100 0.249835
8 9 17 100 0.000165269
9 9 17 100 0.5
10 9 17 100 0.249838
11 9 17 100 0.000162295
8 10 17 100 0.249999
10 10 17 100 0.500001
11 10 17 100 0.250001
6 11 17 100 0.000473805
9 11 17 100 0.249526
11 11 17 100 0.5
12 11 17 100 0.25
10 12 17 100 0.5
11 12 17 100 0.25
13 12 17 100 0.25
12 13 17 100 0.5
14 13 17 100 0.25
17 13 17 100 0.25
13 14 17 100 0.25
14 14 17 100 0.75
13 15 17 100 0.25034
14 15 17 100 0.24966
15 15 17 100 0.5
13 16 17 100 0.5
15 16 17 100 0.5
11 17 17 100 0.500002
14 17 17 100 0.250001
16 17 17 100 0.249997
3 18 17 100 0.500002
16 18 17 100 0.249997
17 18 17 100 0.250001
3 19 17 100 0.333333
16 19 17 100 0.333333
17 19 17 100 0.333333
16 20 17 100 1
1 1 20 100 1
2 2 20 100 1
11 3 20 100 0.0117695
12 3 20 100 0.0218697
14 3 20 100 0.966361
3 4 20 100 1
5 5 20 100 1
8 6 20 100 1
4 7 20 100 1
6 8 20 100 1
6 9 20 100 1
7 10 20 100 1
8 11 20 100 1
9 12 20 100 1
10 13 20 100 1
11 14 20 100 0.976704
12 14 20 100 0.0153246
14 14 20 100 0.00797184
13 15 20 100 1
15 16 20 100 0.988071
16 16 20 100 0.011929
16 17 20 100 0.968717
18 17 20 100 0.0312826
17 18 20 100 1
18 19 20 100 1
19 20 20 100 1
20 21 20 100 1
1 1 21 100 0.0201934
2 1 21 100 0.979807
1 2 21 100 0.143012
2 2 21 100 0.589094
3 2 21 100 0.00314923
21 2 21 100 0.264744
0 3 21 100 0.28728
1 3 21 100 0.135514
2 3 21 100 0.196342
4 3 21 100 0.380853
21 3 21 100 1.1358e-05
3 4 21 100 1
4 5 21 100 0.666667
5 5 21 100 0.333333
0 6 21 100 0.012576
4 6 21 100 0.320816
6 6 21 100 0.333334
16 6 21 100 0.000644283
21 6 21 100 0.332629
5 7 21 100 0.666667
7 7 21 100 0.333333
6 8 21 100 0.333333
7 8 21 100 0.666667
7 9 21 100 0.333333
8 9 21 100 0.333333
9 9 21 100 0.333333
10 10 21 100 0.666667
12 10 21 100 6.40054e-05
16 10 21 100 0.00120553
19 10 21 100 0.332064
6 11 21 100 0.333333
8 11 21 100 0.666667
7 12 21 100 0.333333
9 12 21 100 0.666667
10 13 21 100 0.666781
21 13 21 100 0.333219
11 14 21 100 1
3 15 21 100 0.00292048
10 15 21 100 0.333334
11 15 21 100 0.333334
13 15 21 100 0.113816
14 15 21 100 0.216596
11 16 21 100 0.666667
15 16 21 100 0.330961
17 16 21 100 0.00237186
12 17 21 100 0.666031
16 17 21 100 5.79925e-05
17 17 21 100 0.333333
19 17 21 100 0.000577526
13 18 21 100 0.666667
18 18 21 100 0.333333
13 19 21 100 0.666667
19 19 21 100 0.333333
0 20 21 100 7.51781e-05
14 20 21 100 0.666667
19 20 21 100 0.332813
20 20 21 100 0.0004452
15 21 21 100 0.664361
18 21 21 100 0.00230525
20 21 21 100 0.333333
16 22 21 100 0.999069
19 22 21 100 0.000931194
17 23 21 100 1
15 24 21 100 0.0032999
18 24 21 100 0.9967
19 25 21 100 1
0 26 21 100 0.000933944
19 26 21 100 0.498998
20 26 21 100 0.500068
20 27 21 100 1
11 1 22 100 1
2 2 22 100 1
3 3 22 100 0.79941
4 3 22 100 0.200591
5 4 22 100 1
6 5 22 100 1
7 6 22 100 1
8 7 22 100 1
9 8 22 100 1
10 9 22 100 1
11 10 22 100 1
0 11 22 100 0.0234856
1 11 22 100 0.0106951
22 11 22 100 0.965819
12 12 22 100 1
13 13 22 100 1
14 14 22 100 1
15 15 22 100 1
16 16 22 100 1
17 17 22 100 1
18 18 22 100 1
19 19 22 100 1
20 20 22 100 1
10 21 22 100 1
21 22 22 100 1
1 1 24 100 1
2 2 24 100 1
3 3 24 100 1
1 4 24 100 1
3 5 24 100 1
4 6 24 100 1
5 7 24 100 1
5 8 24 100 1
6 9 24 100 1
7 10 24 100 1
8 11 24 100 1
8 12 24 100 1
9 13 24 100 1
2 14 24 100 0.265186
9 14 24 100 0.734814
10 15 24 100 1
10 16 24 100 1
11 17 24 100 1
12 18 24 100 1
13 19 24 100 1
14 20 24 100 1
15 21 24 100 1
16 22 24 100 1
17 23 24 100 1
19 24 24 100 1
21 25 24 100 1
20 26 24 100 1
20 27 24 100 0.803536
21 27 24 100 0.196464
22 28 24 100 1
23 29 24 100 1
24 30 24 100 1
4 1 27 100 1
3 2 27 100 1
4 3 27 100 1
0 4 27 100 0.0158276
1 4 27 100 0.0375322
2 4 27 100 0.498298
3 4 27 100 0.000733736
9 4 27 100 0.0291516
27 4 27 100 0.418457
2 5 27 100 0.5
5 5 27 100 0.5
0 6 27 100 0.000822603
5 6 27 100 0.5
13 6 27 100 0.202377
20 6 27 100 0.000100382
24 6 27 100 0.280619
27 6 27 100 0.0160816
6 7 27 100 1
7 8 27 100 1
9 9 27 100 0.997074
27 9 27 100 0.00292552
7 10 27 100 0.5
8 10 27 100 0.5
8 11 27 100 0.5
9 11 27 100 0.5
10 12 27 100 1
10 13 27 100 0.5
11 13 27 100 0.5
12 14 27 100 0.508845
14 14 27 100 0.491155
11 15 27 100 1
12 16 27 100 0.5
13 16 27 100 0.5
13 17 27 100 0.5
15 17 27 100 0.5
1 18 27 100 0.0630475
13 18 27 100 0.234555
16 18 27 100 0.500001
24 18 27 100 0.202377
27 18 27 100 2.0561e-05
1 19 27 100 9.04541e-05
12 19 27 100 0.0443532
14 19 27 100 0.500002
16 19 27 100 0.455554
14 20 27 100 0.5
25 20 27 100 0.5
12 21 27 100 0.00416249
16 21 27 100 0.995838
17 22 27 100 1
18 23 27 100 1
1 24 27 100 0.000911519
2 24 27 100 0.00512358
18 24 27 100 0.486687
19 24 27 100 0.500002
27 24 27 100 0.00727538
19 25 27 100 1
18 26 27 100 0.499999
21 26 27 100 0.500001
19 27 27 100 0.5
22 27 27 100 0.5
0 28 27 100 9.45942e-05
23 28 27 100 0.999905
20 29 27 100 0.5
24 29 27 100 0.5
20 30 27 100 1
21 31 27 100 0.500001
26 31 27 100 0.499999
22 32 27 100 1
25 33 27 100 1
25 34 27 100 1
25 35 27 100 1
26 36 27 100 1
2 1 28 100 1
1 2 28 100 1
0 3 28 100 0.000430499
8 3 28 100 0.999569
2 4 28 100 1
0 5 28 100 0.00015039
3 5 28 100 0.99985
4 6 28 100 1
5 7 28 100 1
0 8 28 100 8.65685e-05
5 8 28 100 0.999913
6 9 28 100 1
7 10 28 100 1
8 11 28 100 1
9 12 28 100 1
7 13 28 100 1
0 14 28 100 0.000191588
8 14 28 100 0.999808
9 15 28 100 1
10 16 28 100 1
11 17 28 100 1
12 18 28 100 1
13 19 28 100 1
14 20 28 100 1
16 21 28 100 1
17 22 28 100 1
0 23 28 100 1
18 24 28 100 1
0 25 28 100 0.0240441
28 25 28 100 0.975956
19 26 28 100 1
15 27 28 100 1
20 28 28 100 1
21 29 28 100 1
22 30 28 100 1
23 31 28 100 1
23 32 28 100 1
24 33 28 100 1
25 34 28 100 1
26 35 28 100 1
27 36 28 100 1
1 1 29 100 1
2 2 29 100 1
0 3 29 100 0.00324418
8 3 29 100 0.996756
3 4 29 100 1
3 5 29 100 1
0 6 29 100 0.00905204
3 6 29 100 0.990948
4 7 29 100 1
5 8 29 100 1
7 9 29 100 1
0 10 29 100 6.03836e-05
8 10 29 100 0.99994
8 11 29 100 1
13 12 29 100 0.430444
15 12 29 100 0.569556
6 13 29 100 1
9 14 29 100 1
11 15 29 100 1
12 16 29 100 1
0 17 29 100 0.00150607
13 17 29 100 0.998494
12 18 29 100 1
13 19 29 100 0.462522
15 19 29 100 0.537478
13 20 29 100 1
14 21 29 100 1
15 22 29 100 1
16 23 29 100 1
0 24 29 100 0.989979
13 24 29 100 0.0100208
17 25 29 100 1
18 26 29 100 1
19 27 29 100 1
20 28 29 100 1
21 29 29 100 1
10 30 29 100 1
22 31 29 100 1
23 32 29 100 1
24 33 29 100 1
25 34 29 100 1
26 35 29 100 1
27 36 29 100 1
28 37 29 100 1
29 38 29 100 1
2 1 30 100 1
3 2 30 100 1
8 3 30 100 0.999957
30 3 30 100 4.26246e-05
4 4 30 100 1
5 5 30 100 1
6 6 30 100 1
7 7 30 100 1
9 8 30 100 1
9 9 30 100 1
10 10 30 100 1
11 11 30 100 1
27 12 30 100 1
12 13 30 100 0.999976
30 13 30 100 2.41199e-05
12 14 30 100 1
15 15 30 100 0.995864
30 15 30 100 0.00413602
13 16 30 100 1
16 17 30 100 1
17 18 30 100 1
22 19 30 100 1
23 20 30 100 1
14 21 30 100 1
19 22 30 100 1
20 23 30 100 1
20 24 30 100 1
21 25 30 100 1
22 26 30 100 1
23 27 30 100 1
24 28 30 100 1
1 29 30 100 0.0344952
5 29 30 100 0.689216
17 29 30 100 0.276151
30 29 30 100 0.000137384
25 30 30 100 1
26 31 30 100 1
28 32 30 100 1
28 33 30 100 1
28 34 30 100 1
29 35 30 100 1
3 1 33 100 1
5 2 33 100 1
2 3 33 100 1
6 4 33 100 1
6 5 33 100 1
7 6 33 100 1
9 7 33 100 1
10 8 33 100 1
11 9 33 100 1
1 10 33 100 0.0509878
4 10 33 100 0.949012
12 11 33 100 1
13 12 33 100 1
14 13 33 100 1
31 14 33 100 1
15 15 33 100 1
23 16 33 100 1
24 17 33 100 1
8 18 33 100 0.610075
16 18 33 100 0.389925
17 19 33 100 1
0 20 33 100 0.997769
31 20 33 100 0.000647377
33 20 33 100 0.00158401
18 21 33 100 1
16 22 33 100 0.00151835
19 22 33 100 0.998482
20 23 33 100 1
0 24 33 100 0.157326
31 24 33 100 0.842011
33 24 33 100 0.000663034
29 25 33 100 1
29 26 33 100 1
30 27 33 100 1
31 28 33 100 1
22 29 33 100 1
23 30 33 100 1
24 31 33 100 1
25 32 33 100 1
26 33 33 100 1
0 34 33 100 0.983507
31 34 33 100 0.0148252
33 34 33 100 0.00166738
27 35 33 100 1
28 36 33 100 1
29 37 33 100 1
33 38 33 100 1
30 39 33 100 1
22 40 33 100 1
8 41 33 100 0.389853
14 41 33 100 0.00196997
16 41 33 100 0.606659
19 41 33 100 0.00151834
30 42 33 100 1
0 43 33 100 0.00203106
31 43 33 100 0.997774
32 43 33 100 0.000195349
32 44 33 100 1
