2 0 0.141229 0.85877 0 0 0 0 0 0 0 
3 0.0231175 0.54226 0.164017 0.270605 0 0 0 0 0 0 
4 0.0102391 0.733101 0.200043 0.0566164 0 0 0 0 0 0 
5 0.00853262 0.610908 0.333379 0.0471803 0 0 0 0 0 0 
6 0.00275798 0.94428 0.052962 0 0 0 0 0 0 0 
7 0.0102391 0.733101 0.200043 0.0566164 0 0 0 0 0 0 
8 0 0.605892 0.345127 0.0489803 0 0 0 0 0 0 
9 0 0.4 0.6 0 0 0 0 0 0 0 
10 0.023064 0.890111 0.0635119 0.0233129 0 0 0 0 0 0 
11 0 0.666902 0.283052 0.039188 0.0108573 0 0 0 0 0 
12 0.023886 0.965799 0.00650892 0.00380618 0 0 0 0 0 0 
13 0.0360889 0.862853 0.0637576 0.0373006 0 0 0 0 0 0 
14 0.0154353 0.938092 0.0310872 0.0153847 0 0 0 0 0 0 
15 0.0179493 0.814458 0.117152 0.0504402 0 0 0 0 0 0 
16 0.00853262 0.610919 0.333368 0.0471803 0 0 0 0 0 0 
17 0 0.671556 0.287626 0.040817 0 0 0 0 0 0 
18 0.0621284 0.911276 0.0167791 0.00981595 0 0 0 0 0 0 
19 0.00465416 0.878683 0.0909285 0.0257347 0 0 0 0 0 0 
20 0.00771767 0.967211 0.0173791 0.00769233 0 0 0 0 0 0 
21 0 0 0.999999 0 0 0 0 0 0 0 
22 0.0094269 0.571954 0.301263 0.117355 0 0 0 0 0 0 
23 0 0.469226 0.450701 0.0627007 0.0173716 0 0 0 0 0 
24 0.0347915 0.684661 0.211241 0.0646437 0.00466189 0 0 0 0 0 
25 0.153882 0.812923 0.0222051 0.010989 0 0 0 0 0 0 
26 0.0300741 0.885711 0.0531314 0.0310838 0 0 0 0 0 0 
27 0.0094269 0.571954 0.301263 0.117355 0 0 0 0 0 0 
28 0.195659 0.570551 0.176034 0.0538698 0.00388491 0 0 0 0 0 
29 0.0154353 0.938092 0.0310872 0.0153847 0 0 0 0 0 0 
30 0 0.141198 0.858801 0 0 0 0 0 0 0 
31 0.0102391 0.533114 0.40003 0.0566164 0 0 0 0 0 0 
32 0.0233449 0.258281 0.482958 0.211886 0.0235295 0 0 0 0 0 
33 0.0094269 0.562466 0.310752 0.117355 0 0 0 0 0 0 
34 0.0158524 0.765717 0.186918 0.0293928 0.00211904 0 0 0 0 0 
35 0.256664 0.635813 0.0319355 0.0755875 0 0 0 0 0 0 
36 0.0131144 0.669285 0.2761 0.0414999 0 0 0 0 0 0 
37 0.0347915 0.484662 0.41124 0.0646437 0.00466189 0 0 0 0 0 
38 0.00514512 0.979364 0.0103624 0.00512822 0 0 0 0 0 0 
39 0 0.466666 0.533333 0 0 0 0 0 0 0 
40 0.00884275 0.965334 0.0172764 0.00854704 0 0 0 0 0 0 
41 0.0457143 0.454263 0.454409 0.0456126 0 0 0 0 0 0 
42 0.0102391 0.533101 0.400043 0.0566164 0 0 0 0 0 0 
43 0.0131144 0.669285 0.2761 0.0414999 0 0 0 0 0 0 
44 0.0347915 0.484661 0.411241 0.064644 0.00466189 0 0 0 0 0 
45 0.0347915 0.684661 0.211241 0.0646437 0.00466189 0 0 0 0 0 
46 0.0225556 0.539286 0.414843 0.0233156 0 0 0 0 0 0 
47 0.00639947 0.708176 0.125039 0.160385 0 0 0 0 0 0 
48 0.024851 0.774758 0.150886 0.0461741 0.00332992 0 0 0 0 0 
49 0 0.469226 0.450701 0.0627007 0.0173716 0 0 0 0 0 
50 0.0102328 0.907241 0.0621425 0.0190129 0.00137114 0 0 0 0 0 
51 0.111688 0.115578 0.751995 0.0207394 0 0 0 0 0 0 
52 0.00511958 0.866551 0.100021 0.0283082 0 0 0 0 0 0 
53 0 0.469226 0.250701 0.262701 0.0173716 0 0 0 0 0 
54 0.0192646 0.785217 0.136671 0.0588469 0 0 0 0 0 0 
55 0.0347915 0.684661 0.211241 0.0646437 0.00466189 0 0 0 0 0 
56 0.0380952 0.211886 0.712007 0.0380106 0 0 0 0 0 0 
57 0.0157373 0.803086 0.131376 0.0497999 0 0 0 0 0 0 
58 0.024851 0.489001 0.436644 0.0461741 0.00332992 0 0 0 0 0 
59 0 0.605892 0.345127 0.0489803 0 0 0 0 0 0 
60 0.00523717 0.206641 0.722924 0.0651971 0 0 0 0 0 0 
61 0.0157373 0.803142 0.13132 0.0497999 0 0 0 0 0 0 
62 0.203361 0.389435 0.383459 0.0237453 0 0 0 0 0 0 
63 0.016764 0.531 0.401544 0.0506916 0 0 0 0 0 0 
64 0.0145906 0.286483 0.670262 0.0139584 0.0147059 0 0 0 0 0 
65 0 0.6 0.4 0 0 0 0 0 0 0 
66 0.0225556 0.914283 0.0398485 0.0233129 0 0 0 0 0 0 
67 0 0.669226 0.250701 0.0627007 0.0173716 0 0 0 0 0 
68 0.0347915 0.684661 0.211241 0.0646437 0.00466189 0 0 0 0 0 
69 0.0231175 0.74226 0.164005 0.0706163 0 0 0 0 0 0 
70 0.0347915 0.684661 0.211241 0.0646437 0.00466189 0 0 0 0 0 
71 0.196741 0.719044 0.0531314 0.0310838 0 0 0 0 0 0 
72 0.0102391 0.533103 0.400041 0.0566164 0 0 0 0 0 0 
73 0.00715333 0.79809 0.17212 0.0226364 0 0 0 0 0 0 
74 0.0233449 0.458281 0.472532 0.0223119 0.0235295 0 0 0 0 0 
75 0.0157373 0.625286 0.309177 0.0497999 0 0 0 0 0 0 
76 0.00484514 0.980555 0.00979191 0.00480771 0 0 0 0 0 0 
77 0.0360889 0.862853 0.0637576 0.0373006 0 0 0 0 0 0 
78 0.00426759 0.805396 0.166746 0.0235902 0 0 0 0 0 0 
79 0 0.469226 0.450701 0.0627007 0.0173716 0 0 0 0 0 
80 0.0457143 0.254814 0.653859 0.0456126 0 0 0 0 0 0 
81 0.0217447 0.303553 0.506454 0.165334 0.00291368 0 0 0 0 0 
82 0.0157373 0.803142 0.13132 0.0497999 0 0 0 0 0 0 
83 0.0231175 0.54226 0.364005 0.0706163 0 0 0 0 0 0 
84 0 0.469228 0.450699 0.0627007 0.0173716 0 0 0 0 0 
85 0.0102391 0.733101 0.200043 0.0566164 0 0 0 0 0 0 
86 0 0.669226 0.250701 0.0627007 0.0173716 0 0 0 0 0 
87 0.0231175 0.543144 0.363121 0.0706163 0 0 0 0 0 0 
88 0 0.60504 0.345979 0.0489803 0 0 0 0 0 0 
89 0.0094269 0.371954 0.501263 0.117355 0 0 0 0 0 0 
90 0 0.669226 0.250701 0.0627007 0.0173716 0 0 0 0 0 
91 0 0.469226 0.450682 0.0627197 0.0173716 0 0 0 0 0 
92 0.0360889 0.662853 0.0637757 0.237282 0 0 0 0 0 0 
93 0.0347915 0.48468 0.411222 0.0646437 0.00466189 0 0 0 0 0 
94 0.0165125 0.8159 0.117147 0.0504402 0 0 0 0 0 0 
95 0.105675 0.693934 0.150886 0.0461741 0.00332992 0 0 0 0 0 
96 0.252153 0.596914 0.109433 0.0414999 0 0 0 0 0 0 
97 0 0.117676 0.882323 0 0 0 0 0 0 0 
98 0 0.669226 0.250701 0.0627007 0.0173716 0 0 0 0 0 
99 0.0157373 0.803142 0.13132 0.0497999 0 0 0 0 0 0 
100 0.0102391 0.533101 0.200043 0.256616 0 0 0 0 0 0 
101 0.0347915 0.684661 0.211241 0.0646437 0.00466189 0 0 0 0 0 
102 0.0231405 0.742237 0.164005 0.0706163 0 0 0 0 0 0 
103 0.0157373 0.803142 0.13132 0.0497999 0 0 0 0 0 0 
104 0.0347915 0.484661 0.411241 0.0646437 0.00466189 0 0 0 0 0 
105 0.0157373 0.803142 0.13132 0.0497999 0 0 0 0 0 0 
106 0 0.633444 0.325738 0.040817 0 0 0 0 0 0 
107 0.0094269 0.371955 0.501263 0.117355 0 0 0 0 0 0 
108 0.0102391 0.533101 0.400043 0.0566164 0 0 0 0 0 0 
109 0.106932 0.312962 0.548603 0.0293835 0.00211904 0 0 0 0 0 
110 0.0360889 0.862853 0.0637577 0.0373006 0 0 0 0 0 0 
111 0 0.432775 0.389375 0.177849 0 0 0 0 0 0 
112 0.0094269 0.371954 0.301263 0.317355 0 0 0 0 0 0 
113 0.0194541 0.381901 0.560443 0.0185933 0.0196079 0 0 0 0 0 
114 0.0094269 0.371954 0.501263 0.117355 0 0 0 0 0 0 
115 0.0194541 0.215359 0.726986 0.0185933 0.0196079 0 0 0 0 0 
116 0.00853262 0.610911 0.166719 0.213837 0 0 0 0 0 0 
117 0.024851 0.631853 0.293792 0.0461741 0.00332992 0 0 0 0 0 
118 0.0233449 0.458281 0.472532 0.0223119 0.0235295 0 0 0 0 0 
119 0.204762 0.378553 0.378674 0.0380105 0 0 0 0 0 0 
120 0.00785575 0.309962 0.41772 0.264462 0 0 0 0 0 0 
121 0.00853262 0.610911 0.166709 0.213847 0 0 0 0 0 0 
122 0.0347915 0.484661 0.411241 0.0646437 0.00466189 0 0 0 0 0 
123 0.0249622 0.491589 0.296392 0.183726 0.00332992 0 0 0 0 0 
124 0.00639947 0.708014 0.250197 0.0353894 0 0 0 0 0 0 
125 0 0.835789 0.143803 0.0204085 0 0 0 0 0 0 
126 0.0231175 0.54226 0.164005 0.270616 0 0 0 0 0 0 
127 0.0102391 0.733101 0.200043 0.0566164 0 0 0 0 0 0 
128 0.0102402 0.7331 0.200043 0.0566164 0 0 0 0 0 0 
129 0.0217447 0.581513 0.353426 0.0404023 0.00291368 0 0 0 0 0 
130 0 0.724355 0.208917 0.0522506 0.0144763 0 0 0 0 0 
131 0.0347915 0.684661 0.211241 0.0646437 0.00466189 0 0 0 0 0 
132 0.00945206 0.571926 0.301267 0.117355 0 0 0 0 0 0 
133 0.0094269 0.371954 0.501263 0.117355 0 0 0 0 0 0 
134 0 0.405892 0.545127 0.0489803 0 0 0 0 0 0 
135 0.0347915 0.684661 0.211241 0.0646437 0.00466189 0 0 0 0 0 
136 0.0094269 0.372026 0.501191 0.117355 0 0 0 0 0 0 
137 0 0.405892 0.545127 0.0489803 0 0 0 0 0 0 
138 0.0347915 0.484661 0.223159 0.252726 0.00466189 0 0 0 0 0 
139 0.0157373 0.603142 0.33132 0.0497999 0 0 0 0 0 0 
140 0.0217447 0.802913 0.132026 0.0404023 0.00291368 0 0 0 0 0 
141 0.024851 0.774758 0.150886 0.0461741 0.00332992 0 0 0 0 0 
142 0 0.669226 0.250701 0.0627007 0.0173716 0 0 0 0 0 
143 0 0.405892 0.545127 0.0489803 0 0 0 0 0 0 
144 0.0102394 0.733101 0.200043 0.0566164 0 0 0 0 0 0 
145 0.0360889 0.862853 0.0637576 0.0373006 0 0 0 0 0 0 
146 0.0347915 0.684661 0.211241 0.0646437 0.00466189 0 0 0 0 0 
147 0.0094269 0.371954 0.301263 0.317355 0 0 0 0 0 0 
148 0.0289929 0.737218 0.176034 0.0538698 0.00388491 0 0 0 0 0 
149 0.0102391 0.733101 0.200043 0.0566164 0 0 0 0 0 0 
150 0 0.999999 0 0 0 0 0 0 0 0 
151 0.0157373 0.803142 0.13132 0.0497999 0 0 0 0 0 0 
152 0.0159255 0.802944 0.13133 0.0497999 0 0 0 0 0 0 
153 0.0457143 0.454263 0.454409 0.0456126 0 0 0 0 0 0 
154 0.0457143 0.254273 0.654399 0.0456126 0 0 0 0 0 0 
155 0.0154353 0.938092 0.0310872 0.0153847 0 0 0 0 0 0 
156 0.0257778 0.616156 0.0681333 0.289933 3.12897e-07 0 0 0 0 0 
157 0 0.763733 0.179072 0.0447862 0.0124083 0 0 0 0 0 
158 0 0.225563 0.747225 0.0272113 0 0 0 0 0 0 
159 0.0131144 0.835952 0.109433 0.0414999 0 0 0 0 0 0 
160 0.14865 0.651098 0.171375 0.0269349 0.00194245 0 0 0 0 0 
161 0.0192646 0.785217 0.136671 0.0588469 0 0 0 0 0 0 
162 0.0094269 0.571954 0.301263 0.117355 0 0 0 0 0 0 
163 0.0347915 0.684661 0.211241 0.0646437 0.00466189 0 0 0 0 0 
164 0.0157373 0.606813 0.327649 0.0497999 0 0 0 0 0 0 
165 0.0094269 0.571954 0.301263 0.117355 0 0 0 0 0 0 
166 0 0.620876 0.179072 0.187643 0.0124083 0 0 0 0 0 
167 0.0233449 0.458281 0.472532 0.0223119 0.0235295 0 0 0 0 0 
168 0.0231175 0.74226 0.164005 0.0706163 0 0 0 0 0 0 
169 0.119854 0.779488 0.0729917 0.0276666 0 0 0 0 0 0 
170 0.0289929 0.403885 0.176034 0.387203 0.00388491 0 0 0 0 0 
171 0.0347915 0.484661 0.211318 0.264567 0.00466189 0 0 0 0 0 
172 0 0.557789 0.375484 0.0522506 0.0144763 0 0 0 0 0 
173 0.476421 0.508953 0.0146257 0 0 0 0 0 0 0 
174 0.0347915 0.484661 0.211241 0.264644 0.00466189 0 0 0 0 0 
175 0.0360889 0.862853 0.0637576 0.0373006 0 0 0 0 0 0 
176 0.0157373 0.803142 0.13132 0.0497999 0 0 0 0 0 0 
177 0.0231175 0.74226 0.164005 0.0706163 0 0 0 0 0 0 
178 0.0157373 0.803142 0.13132 0.0497999 0 0 0 0 0 0 
179 0.0094269 0.371954 0.501263 0.117355 0 0 0 0 0 0 
180 0.0157373 0.603142 0.33132 0.0497999 0 0 0 0 0 0 
181 0 0.724355 0.208917 0.0522506 0.0144763 0 0 0 0 0 
182 0.0457143 0.454263 0.454409 0.0456126 0 0 0 0 0 0 
183 0.00947438 0.571907 0.301263 0.117355 0 0 0 0 0 0 
184 0 0.669226 0.250701 0.0627007 0.0173716 0 0 0 0 0 
185 0.0231175 0.74226 0.164005 0.0706163 0 0 0 0 0 0 
186 0.0231175 0.54226 0.164005 0.270616 0 0 0 0 0 0 
187 0.0102391 0.533101 0.400043 0.0566164 0 0 0 0 0 0 
188 0.0347915 0.484661 0.411241 0.0646437 0.00466189 0 0 0 0 0 
189 0.0347915 0.484661 0.211241 0.264644 0.00466189 0 0 0 0 0 
190 0.0347915 0.684661 0.211241 0.0646437 0.00466189 0 0 0 0 0 
191 0.0126459 0.804026 0.142888 0.0404403 0 0 0 0 0 0 
192 0.00853262 0.614261 0.330026 0.0471803 0 0 0 0 0 0 
193 0.0228142 0.847814 0.0938002 0.0355714 0 0 0 0 0 0 
194 0.0165125 0.530186 0.260004 0.193297 0 0 0 0 0 0 
195 0.0112409 0.859387 0.0937999 0.0355714 0 0 0 0 0 0 
196 0.0289929 0.737218 0.176034 0.0538698 0.00388491 0 0 0 0 0 
197 0.0103329 0.733008 0.200043 0.0566164 0 0 0 0 0 0 
198 0.0347915 0.484661 0.411241 0.0646437 0.00466189 0 0 0 0 0 
199 0.0154353 0.938092 0.0310872 0.0153847 0 0 0 0 0 0 
200 0 0.143254 0.856746 0 0 0 0 0 0 0 
201 0.0360889 0.862853 0.0637576 0.0373006 0 0 0 0 0 0 
202 0 0.669226 0.250701 0.0627007 0.0173716 0 0 0 0 0 
203 0 0.406263 0.544756 0.0489803 0 0 0 0 0 0 
204 0.0360889 0.662853 0.263758 0.0373006 0 0 0 0 0 0 
205 0.0157373 0.803142 0.13132 0.0497999 0 0 0 0 0 0 
206 0.0231175 0.542419 0.363846 0.0706163 0 0 0 0 0 0 
207 0.0347915 0.684503 0.2114 0.0646437 0.00466189 0 0 0 0 0 
208 0.0457143 0.254263 0.654409 0.0456126 0 0 0 0 0 0 
209 0.0102391 0.533916 0.399228 0.0566164 0 0 0 0 0 0 
210 0.00853262 0.770828 0.173459 0.0471803 0 0 0 0 0 0 
211 0 0.470067 0.44986 0.0627007 0.0173716 0 0 0 0 0 
212 0.0102391 0.733101 0.200043 0.0566164 0 0 0 0 0 0 
213 0.0457143 0.454263 0.454409 0.0456126 0 0 0 0 0 0 
214 0.0360889 0.862853 0.0637576 0.0373006 0 0 0 0 0 0 
215 0.0102391 0.733101 0.200043 0.0566164 0 0 0 0 0 0 
216 0.0112409 0.859312 0.0938749 0.0355714 0 0 0 0 0 0 
217 0.0129503 0.948323 0.025906 0.0128205 0 0 0 0 0 0 
218 0.0257778 0.616369 0.33121 0.0266433 0 0 0 0 0 0 
219 0.0157373 0.603143 0.33132 0.0497999 0 0 0 0 0 0 
220 0 0.450998 0.549001 0 0 0 0 0 0 0 
221 0.0094269 0.571954 0.301263 0.117355 0 0 0 0 0 0 
222 0.0112427 0.71652 0.0943867 0.17785 0 0 0 0 0 0 
223 0.0231175 0.74226 0.164005 0.0706163 0 0 0 0 0 0 
224 0.0102391 0.733101 0.200043 0.0566164 0 0 0 0 0 0 
225 0.00853262 0.777584 0.166702 0.0471803 0 0 0 0 0 0 
226 0 0.605892 0.345127 0.0489803 0 0 0 0 0 0 
227 0.0102391 0.733101 0.200043 0.0566164 0 0 0 0 0 0 
228 0.0231175 0.74226 0.164005 0.0706163 0 0 0 0 0 0 
229 0.0094269 0.571954 0.301263 0.117355 0 0 0 0 0 0 
230 0.0924067 0.278718 0.609775 0.00929664 0.00980394 0 0 0 0 0 
231 0.0231175 0.543829 0.362437 0.0706163 0 0 0 0 0 0 
232 0.0360889 0.662853 0.263758 0.0373006 0 0 0 0 0 0 
233 0 0.4 0.6 0 0 0 0 0 0 0 
234 0.0115588 0.87113 0.0820027 0.0353081 0 0 0 0 0 0 
235 0.0231175 0.74226 0.164005 0.0706163 0 0 0 0 0 0 
236 0.0094269 0.571954 0.301263 0.117355 0 0 0 0 0 0 
237 0.0457143 0.454263 0.454409 0.0456126 0 0 0 0 0 0 
238 0.0444445 0 0.602164 0.353391 0 0 0 0 0 0 
239 0.0094269 0.571954 0.301263 0.117355 0 0 0 0 0 0 
240 0 0.669226 0.250701 0.0627007 0.0173716 0 0 0 0 0 
241 0.253106 0.729018 0.0178756 0 0 0 0 0 0 0 
242 0 0.763733 0.179072 0.0447862 0.0124083 0 0 0 0 0 
243 0.0194541 0.215234 0.72711 0.0185933 0.0196079 0 0 0 0 0 
244 0.025387 0.518973 0.263691 0.188613 0.00333522 0 0 0 0 0 
245 0.0094269 0.571954 0.301263 0.117355 0 0 0 0 0 0 
246 0.0231175 0.74226 0.164005 0.0706163 0 0 0 0 0 0 
247 0 0.724355 0.208917 0.0522506 0.0144763 0 0 0 0 0 
248 0.0231175 0.74226 0.164005 0.0706163 0 0 0 0 0 0 
249 0.0157373 0.803142 0.13132 0.0497999 0 0 0 0 0 0 
250 0.0157373 0.803142 0.13132 0.0497999 0 0 0 0 0 0 
251 0.0360889 0.862853 0.0637576 0.0373006 0 0 0 0 0 0 
252 0.0347915 0.684661 0.211241 0.0646437 0.00466189 0 0 0 0 0 
253 0.0347915 0.684661 0.211241 0.0646437 0.00466189 0 0 0 0 0 
254 0.0347915 0.684661 0.211241 0.0646437 0.00466189 0 0 0 0 0 
255 0.0231175 0.54226 0.364005 0.0706163 0 0 0 0 0 0 
256 0.0231175 0.74226 0.164005 0.0706163 0 0 0 0 0 0 
257 0.0347915 0.484661 0.211241 0.264193 0.00511301 0 0 0 0 0 
258 0 0.575613 0.389401 0.034986 0 0 0 0 0 0 
259 0.0347915 0.484661 0.211241 0.264644 0.00466189 0 0 0 0 0 
260 0.00731368 0.523644 0.428602 0.0404403 0 0 0 0 0 0 
261 0.0154353 0.938092 0.0310872 0.0153847 0 0 0 0 0 0 
262 0.0457143 0.254263 0.654409 0.0456126 0 0 0 0 0 0 
263 0.622375 0.377625 0 0 0 0 0 0 0 0 
264 0.0888889 0 0.693639 0.217471 0 0 0 0 0 0 
265 0.0231175 0.74226 0.164005 0.0706163 0 0 0 0 0 0 
266 0.0233449 0.258281 0.672532 0.0223119 0.0235295 0 0 0 0 0 
267 0.0094269 0.371954 0.301977 0.316641 0 0 0 0 0 0 
268 0 0.405892 0.545127 0.0489803 0 0 0 0 0 0 
269 0 0.669226 0.250701 0.0627007 0.0173716 0 0 0 0 0 
270 0.0094269 0.571954 0.301263 0.117355 0 0 0 0 0 0 
271 0.0581232 0.934559 0.00731806 0 0 0 0 0 0 0 
272 0 0.669226 0.250701 0.0627007 0.0173716 0 0 0 0 0 
273 0.0094269 0.571954 0.301263 0.117355 0 0 0 0 0 0 
274 0.0157373 0.803142 0.13132 0.0497999 0 0 0 0 0 0 
275 0.0102391 0.733101 0.200043 0.0566164 0 0 0 0 0 0 
276 0.0154353 0.937888 0.0312917 0.0153847 0 0 0 0 0 0 
277 0.0231175 0.74226 0.164005 0.0706163 0 0 0 0 0 0 
278 0.0157373 0.803142 0.13132 0.0497999 0 0 0 0 0 0 
279 0 0.669226 0.250701 0.0627007 0.0173716 0 0 0 0 0 
280 0.0102391 0.533101 0.400043 0.0566164 0 0 0 0 0 0 
281 0.0157373 0.803142 0.13132 0.0497999 0 0 0 0 0 0 
282 0.0157373 0.803142 0.13132 0.0497999 0 0 0 0 0 0 
283 0.0347915 0.684661 0.211241 0.0646437 0.00466189 0 0 0 0 0 
284 0.0154385 0.938089 0.0310872 0.0153847 0 0 0 0 0 0 
285 0 0.469226 0.450701 0.0627007 0.0173716 0 0 0 0 0 
286 0.0289929 0.737218 0.176034 0.0538698 0.00388491 0 0 0 0 0 
287 0 0.391022 0.542251 0.0522506 0.0144763 0 0 0 0 0 
288 0 0.724355 0.208917 0.0522506 0.0144763 0 0 0 0 0 
289 0.0166161 0.815796 0.117147 0.0504402 0 0 0 0 0 0 
290 0.0131144 0.83595 0.109435 0.0414999 0 0 0 0 0 0 
291 0.0233449 0.258281 0.672532 0.0223119 0.0235295 0 0 0 0 0 
292 0.0094269 0.571954 0.301263 0.117355 0 0 0 0 0 0 
293 0.0157373 0.803142 0.13132 0.0497999 0 0 0 0 0 0 
294 0.00785575 0.309962 0.251107 0.431075 0 0 0 0 0 0 
295 0.0094269 0.571954 0.301263 0.117355 0 0 0 0 0 0 
296 0.0102394 0.733101 0.200043 0.0566164 0 0 0 0 0 0 
297 0.0457143 0.254263 0.654409 0.0456126 0 0 0 0 0 0 
298 0.0102391 0.733101 0.200043 0.0566164 0 0 0 0 0 0 
299 0.0289929 0.737218 0.176034 0.0538698 0.00388491 0 0 0 0 0 
300 0 0.724355 0.208917 0.0522506 0.0144763 0 0 0 0 0 
301 0.0217447 0.802913 0.132026 0.0404023 0.00291368 0 0 0 0 0 
302 0.0157373 0.803142 0.13132 0.0497999 0 0 0 0 0 0 
303 0.255587 0.712236 0.0321761 0 0 0 0 0 0 0 
304 0.0157373 0.803142 0.13132 0.0497999 0 0 0 0 0 0 
305 0.0192646 0.785217 0.136671 0.0588469 0 0 0 0 0 0 
306 0 0.469235 0.450692 0.0627007 0.0173716 0 0 0 0 0 
307 0.0157373 0.803133 0.131329 0.0497999 0 0 0 0 0 0 
308 0.0102391 0.533101 0.200043 0.256616 0 0 0 0 0 0 
309 0.0157373 0.803142 0.13132 0.0497999 0 0 0 0 0 0 
310 0.0347915 0.684661 0.211241 0.0646437 0.00466189 0 0 0 0 0 
311 0.0194541 0.381832 0.560513 0.0185933 0.0196079 0 0 0 0 0 
312 0.0157373 0.803142 0.13132 0.0497999 0 0 0 0 0 0 
313 0.0157373 0.803142 0.13132 0.0497999 0 0 0 0 0 0 
314 0.0380952 0.211886 0.712008 0.0380105 0 0 0 0 0 0 
315 0.0347915 0.684661 0.211241 0.0646437 0.00466189 0 0 0 0 0 
316 0.0231175 0.74226 0.164005 0.0706163 0 0 0 0 0 0 
317 0 0.302987 0.662026 0.034986 0 0 0 0 0 0 
318 0.0094269 0.571954 0.301263 0.117355 0 0 0 0 0 0 
319 0.0289936 0.570551 0.342701 0.0538698 0.00388491 0 0 0 0 0 
320 0.0289929 0.570551 0.342701 0.0538698 0.00388491 0 0 0 0 0 
321 0.00639973 0.458295 0.49992 0.0353852 0 0 0 0 0 0 
322 0 0.605892 0.345127 0.0489803 0 0 0 0 0 0 
323 0 0.4 0.6 0 0 0 0 0 0 0 
324 0 0.469226 0.450701 0.0627007 0.0173716 0 0 0 0 0 
325 0.0231175 0.74226 0.164005 0.0706163 0 0 0 0 0 0 
326 0.024851 0.774259 0.151386 0.0461741 0.00332992 0 0 0 0 0 
327 0.00853262 0.610918 0.333368 0.0471803 0 0 0 0 0 0 
328 0.0102391 0.533101 0.200043 0.256616 0 0 0 0 0 0 
329 0.0157373 0.803142 0.13132 0.0497999 0 0 0 0 0 0 
330 0.0347915 0.684661 0.211241 0.0646437 0.00466189 0 0 0 0 0 
331 0.0233449 0.258281 0.472532 0.0223119 0.223529 0 0 0 0 0 
332 0.0225556 0.914283 0.0398485 0.0233129 0 0 0 0 0 0 
333 0.0131144 0.668726 0.276659 0.0415 0 0 0 0 0 0 
334 0.0102391 0.733099 0.200045 0.0566164 0 0 0 0 0 0 
335 0.0157373 0.803142 0.13132 0.0497999 0 0 0 0 0 0 
336 0.0157373 0.635836 0.298626 0.0497999 0 0 0 0 0 0 
337 0.0131144 0.835952 0.109433 0.0414999 0 0 0 0 0 0 
338 0.0347915 0.484661 0.411241 0.0646437 0.00466189 0 0 0 0 0 
339 0.0102391 0.733101 0.200043 0.0566164 0 0 0 0 0 0 
340 0.0347915 0.684661 0.211241 0.0646437 0.00466189 0 0 0 0 0 
341 0.0094269 0.571954 0.301263 0.117355 0 0 0 0 0 0 
342 0.0157373 0.603142 0.33132 0.0497999 0 0 0 0 0 0 
343 0.0347915 0.684661 0.211241 0.0646437 0.00466189 0 0 0 0 0 
344 0 0.469226 0.450701 0.0627007 0.0173716 0 0 0 0 0 
345 0.0231175 0.54226 0.364005 0.0706163 0 0 0 0 0 0 
346 0 0.469226 0.450701 0.0627007 0.0173716 0 0 0 0 0 
347 0.0231175 0.542328 0.363938 0.0706163 0 0 0 0 0 0 
348 0.0102391 0.533101 0.400043 0.0566164 0 0 0 0 0 0 
349 0.0457143 0.254263 0.654409 0.0456126 0 0 0 0 0 0 
350 0.0157373 0.803142 0.13132 0.0497999 0 0 0 0 0 0 
351 0 0.222222 0.777777 0 0 0 0 0 0 0 
352 0.0102391 0.533213 0.399931 0.0566164 0 0 0 0 0 0 
353 0 0.405892 0.345127 0.24898 0 0 0 0 0 0 
354 0.00733575 0.574636 0.249204 0.168824 0 0 0 0 0 0 
355 0.0457143 0.254263 0.454409 0.245613 0 0 0 0 0 0 
356 0 0.533333 0.333586 0.13308 0 0 0 0 0 0 
357 0 0.669226 0.250701 0.0627007 0.0173716 0 0 0 0 0 
358 0 0.117665 0.882334 0 0 0 0 0 0 0 
359 0.0194541 0.548568 0.393777 0.0185933 0.0196079 0 0 0 0 0 
360 0.0094269 0.371954 0.301263 0.317355 0 0 0 0 0 0 
361 0.0457143 0.254265 0.654408 0.0456126 0 0 0 0 0 0 
362 0.0347915 0.484661 0.411241 0.0646437 0.00466189 0 0 0 0 0 
363 0 0.405898 0.545121 0.0489803 0 0 0 0 0 0 
364 0.0257778 0.902038 0.0455412 0.0266433 0 0 0 0 0 0 
365 0.0257778 0.902038 0.0455412 0.0266433 0 0 0 0 0 0 
366 0.310483 0.489126 0.150887 0.0461741 0.00332992 0 0 0 0 0 
367 0.0380952 0.378553 0.54534 0.038011 0 0 0 0 0 0 
368 0 0.669226 0.250701 0.0627007 0.0173716 0 0 0 0 0 
369 0.0289929 0.737218 0.176034 0.0538698 0.00388491 0 0 0 0 0 
370 0.0231175 0.74226 0.164005 0.0706163 0 0 0 0 0 0 
371 0.00853262 0.610918 0.333369 0.0471805 0 0 0 0 0 0 
372 0.0102391 0.733101 0.200043 0.0566164 0 0 0 0 0 0 
373 0 0.504925 0.454258 0.040817 0 0 0 0 0 0 
374 0.0094269 0.371954 0.501263 0.117355 0 0 0 0 0 0 
375 0.0102391 0.733101 0.200043 0.0566164 0 0 0 0 0 0 
376 0.0360889 0.662853 0.0638725 0.237186 0 0 0 0 0 0 
377 0.00853262 0.444251 0.500035 0.0471803 0 0 0 0 0 0 
378 0.00731368 0.666479 0.285767 0.0404403 0 0 0 0 0 0 
379 0.0094269 0.371954 0.501263 0.117355 0 0 0 0 0 0 
380 0.0231175 0.74226 0.164005 0.0706163 0 0 0 0 0 0 
381 0.0094269 0.571954 0.301263 0.117355 0 0 0 0 0 0 
382 0 0.733333 0.133586 0.13308 0 0 0 0 0 0 
383 0.0457143 0.254263 0.654409 0.0456126 0 0 0 0 0 0 
384 0.0094269 0.371954 0.501263 0.117355 0 0 0 0 0 0 
385 0.0112409 0.859387 0.0937999 0.0355714 0 0 0 0 0 0 
386 0.00785575 0.309962 0.421541 0.260641 0 0 0 0 0 0 
387 0.0158851 0.802995 0.13132 0.0497999 0 0 0 0 0 0 
388 0.00853262 0.444251 0.16671 0.380506 0 0 0 0 0 0 
389 0.0225556 0.789265 0.164867 0.0233129 0 0 0 0 0 0 
390 0 0.605892 0.345127 0.0489803 0 0 0 0 0 0 
391 0.00731368 0.38079 0.571456 0.0404403 0 0 0 0 0 0 
392 0.0157373 0.803142 0.13132 0.0497999 0 0 0 0 0 0 
393 0.0231175 0.54226 0.364005 0.0706163 0 0 0 0 0 0 
394 0.0347915 0.484661 0.411241 0.0646437 0.00466189 0 0 0 0 0 
395 0.0094269 0.371954 0.501263 0.117355 0 0 0 0 0 0 
396 0 0.469234 0.450693 0.0627007 0.0173716 0 0 0 0 0 
397 0.0102391 0.533101 0.200043 0.256616 0 0 0 0 0 0 
398 0.0157373 0.803142 0.13132 0.0497999 0 0 0 0 0 0 
399 0.0347915 0.684661 0.211241 0.0646437 0.00466189 0 0 0 0 0 
400 0.0157373 0.803142 0.13132 0.0497999 0 0 0 0 0 0 
401 0.0360889 0.862853 0.0637576 0.0373006 0 0 0 0 0 0 
402 0.0347915 0.684661 0.211241 0.0646437 0.00466189 0 0 0 0 0 
403 0.0360889 0.662853 0.0637576 0.237301 0 0 0 0 0 0 
404 0.0094269 0.571954 0.301263 0.117355 0 0 0 0 0 0 
405 0.00568843 0.851723 0.111135 0.0314536 0 0 0 0 0 0 
406 0.0192646 0.785217 0.136671 0.0588469 0 0 0 0 0 0 
407 0.0528507 0.846091 0.0637576 0.0373006 0 0 0 0 0 0 
408 0.193477 0.549863 0.200043 0.0566164 0 0 0 0 0 0 
409 0.0289929 0.5705 0.342752 0.0538698 0.00388491 0 0 0 0 0 
410 0.0231175 0.54226 0.164005 0.270616 0 0 0 0 0 0 
411 0.00853262 0.777584 0.166702 0.0471803 0 0 0 0 0 0 
412 0.0157373 0.803142 0.13132 0.0497999 0 0 0 0 0 0 
413 0.024851 0.346261 0.579222 0.0463355 0.00332992 0 0 0 0 0 
414 0.0102391 0.533327 0.399817 0.0566164 0 0 0 0 0 0 
415 0.0231175 0.54226 0.164066 0.270555 0 0 0 0 0 0 
416 0 0.669226 0.250701 0.0627007 0.0173716 0 0 0 0 0 
417 0 0.669226 0.250701 0.0627007 0.0173716 0 0 0 0 0 
418 0.0157373 0.603142 0.33132 0.0497999 0 0 0 0 0 0 
419 0 0.266666 0.733333 0 0 0 0 0 0 0 
420 0.0159415 0.802925 0.131333 0.0497999 0 0 0 0 0 0 
421 0 0.671577 0.287606 0.0408169 0 0 0 0 0 0 
422 0.0102391 0.733101 0.200043 0.0566164 0 0 0 0 0 0 
423 0.0157373 0.603142 0.13132 0.2498 0 0 0 0 0 0 
424 0.0102391 0.733101 0.200043 0.0566164 0 0 0 0 0 0 
425 0.0157373 0.803142 0.13132 0.0497999 0 0 0 0 0 0 
426 0.153093 0.428288 0.301263 0.117355 0 0 0 0 0 0 
427 0.0926954 0.626757 0.211241 0.0646437 0.00466189 0 0 0 0 0 
428 0.0367626 0.862179 0.0637576 0.0373006 0 0 0 0 0 0 
429 0.0102391 0.733101 0.200043 0.0566164 0 0 0 0 0 0 
430 0.0102391 0.733101 0.200043 0.0566164 0 0 0 0 0 0 
431 0 0.469226 0.450701 0.0627007 0.0173716 0 0 0 0 0 
432 0 0.733333 0.133586 0.13308 0 0 0 0 0 0 
433 0.0102806 0.73306 0.200043 0.0566164 0 0 0 0 0 0 
434 0.0131144 0.669285 0.10948 0.20812 0 0 0 0 0 0 
435 0.0094269 0.371954 0.501263 0.117355 0 0 0 0 0 0 
436 0 0.557689 0.375584 0.0522506 0.0144763 0 0 0 0 0 
437 0.0157373 0.603142 0.13132 0.2498 0 0 0 0 0 0 
438 0.0102391 0.733101 0.200043 0.0566164 0 0 0 0 0 0 
439 0.0364447 0.862497 0.0637576 0.0373006 0 0 0 0 0 0 
440 0.209883 0.533457 0.200043 0.0566164 0 0 0 0 0 0 
441 0.00731368 0.809358 0.142888 0.0404403 0 0 0 0 0 0 
442 0.0102391 0.733101 0.200043 0.0566164 0 0 0 0 0 0 
443 0.0192646 0.618529 0.303359 0.0588469 0 0 0 0 0 0 
444 0 0.469226 0.450701 0.0627007 0.0173716 0 0 0 0 0 
445 0.131369 0.602565 0.227563 0.0359132 0.00258994 0 0 0 0 0 
446 0 0.669226 0.250701 0.0627007 0.0173716 0 0 0 0 0 
447 0 0.669226 0.250701 0.0627007 0.0173716 0 0 0 0 0 
448 0.0157373 0.803142 0.13132 0.0497999 0 0 0 0 0 0 
449 0.0231175 0.74226 0.164005 0.0706163 0 0 0 0 0 0 
450 0.0157373 0.803142 0.13132 0.0497999 0 0 0 0 0 0 
451 0.0157373 0.803142 0.13132 0.0497999 0 0 0 0 0 0 
452 0.0102391 0.733101 0.200043 0.0566164 0 0 0 0 0 0 
453 0 0.669226 0.250701 0.0627007 0.0173716 0 0 0 0 0 
454 0.0102391 0.733101 0.200043 0.0566164 0 0 0 0 0 0 
455 0.0347915 0.684661 0.211241 0.0646437 0.00466189 0 0 0 0 0 
456 0.0102391 0.733101 0.200043 0.0566164 0 0 0 0 0 0 
457 0 0.669226 0.250701 0.0627007 0.0173716 0 0 0 0 0 
458 0.0102391 0.533126 0.400018 0.0566164 0 0 0 0 0 0 
459 0.0347915 0.684661 0.211241 0.0646437 0.00466189 0 0 0 0 0 
460 0 0.669226 0.250701 0.0627007 0.0173716 0 0 0 0 0 
461 0.0347915 0.684661 0.211241 0.0646437 0.00466189 0 0 0 0 0 
462 0.0347915 0.684661 0.211241 0.0646437 0.00466189 0 0 0 0 0 
463 0.0231175 0.74226 0.164005 0.0706163 0 0 0 0 0 0 
464 0.0347915 0.484661 0.411241 0.0646437 0.00466189 0 0 0 0 0 
465 0.0347915 0.684661 0.211241 0.0646437 0.00466189 0 0 0 0 0 
466 0.0555908 0.912233 0.0321761 0 0 0 0 0 0 0 
467 0.0094269 0.571954 0.301263 0.117355 0 0 0 0 0 0 
468 0 0.605892 0.345127 0.0489803 0 0 0 0 0 0 
469 0.00853262 0.610917 0.166703 0.213846 0 0 0 0 0 0 
470 0.0102391 0.733101 0.200043 0.0566164 0 0 0 0 0 0 
471 0.0457143 0.454263 0.454409 0.0456126 0 0 0 0 0 0 
472 0.0157373 0.803142 0.13132 0.0497999 0 0 0 0 0 0 
473 0.0457143 0.454263 0.454409 0.0456126 0 0 0 0 0 0 
474 0.288889 0 0.493639 0.217471 0 0 0 0 0 0 
475 0 0.141198 0.858801 0 0 0 0 0 0 0 
476 0.0094269 0.371954 0.501263 0.117355 0 0 0 0 0 0 
477 0.0231175 0.74226 0.164005 0.0706163 0 0 0 0 0 0 
478 0.0347915 0.684661 0.211241 0.0646437 0.00466189 0 0 0 0 0 
479 0.0231175 0.54226 0.164005 0.270616 0 0 0 0 0 0 
480 0.0164041 0.93766 0.0289807 0.0169548 0 0 0 0 0 0 
481 0.0115588 0.87113 0.0820027 0.0353081 0 0 0 0 0 0 
482 0.0157373 0.803142 0.13132 0.0497999 0 0 0 0 0 0 
483 0.0231175 0.74226 0.164005 0.0706163 0 0 0 0 0 0 
484 0.0102391 0.533182 0.399962 0.0566164 0 0 0 0 0 0 
485 0.0102391 0.733101 0.200043 0.0566164 0 0 0 0 0 0 
486 0.0102391 0.533101 0.400043 0.0566164 0 0 0 0 0 0 
487 0.00853262 0.610918 0.333369 0.0471803 0 0 0 0 0 0 
488 0 0.733333 0.133586 0.13308 0 0 0 0 0 0 
489 0.0094269 0.395748 0.47747 0.117355 0 0 0 0 0 0 
490 0.0102391 0.533101 0.400043 0.0566164 0 0 0 0 0 0 
491 0 0.533333 0.133966 0.332701 0 0 0 0 0 0 
492 0.0231175 0.54226 0.164005 0.270616 0 0 0 0 0 0 
493 0.0157373 0.803142 0.13132 0.0497999 0 0 0 0 0 0 
494 0 0.669226 0.250701 0.0627007 0.0173716 0 0 0 0 0 
495 0.0157373 0.803142 0.13132 0.0497999 0 0 0 0 0 0 
496 0.0231175 0.54226 0.364004 0.0706177 0 0 0 0 0 0 
497 0.0102391 0.533103 0.400041 0.0566164 0 0 0 0 0 0 
498 0.0360889 0.862853 0.0637576 0.0373006 0 0 0 0 0 0 
499 0.0094269 0.372111 0.501107 0.117355 0 0 0 0 0 0 
500 0.0157373 0.603142 0.33132 0.0498 0 0 0 0 0 0 
501 0.0157373 0.603142 0.13132 0.2498 0 0 0 0 0 0 
502 0 0.666666 0.333333 0 0 0 0 0 0 0 
503 0 0.404993 0.51548 0.0686692 0.0108573 0 0 0 0 0 
504 0 0.405947 0.545072 0.0489803 0 0 0 0 0 0 
505 0.0233449 0.258281 0.672532 0.0223119 0.0235295 0 0 0 0 0 
506 0.0231175 0.54226 0.364005 0.0706163 0 0 0 0 0 0 
507 0 0.469226 0.250701 0.0627007 0.217372 0 0 0 0 0 
508 0.0102391 0.733101 0.200043 0.0566164 0 0 0 0 0 0 
509 0.0094269 0.571954 0.301263 0.117355 0 0 0 0 0 0 
510 0.0154353 0.738092 0.0310872 0.215385 0 0 0 0 0 0 
511 0 0.405894 0.545125 0.0489803 0 0 0 0 0 0 
512 0.0157373 0.803142 0.13132 0.0497999 0 0 0 0 0 0 
513 0.0347915 0.484661 0.411241 0.0646437 0.00466189 0 0 0 0 0 
514 0.0102391 0.733101 0.200043 0.0566164 0 0 0 0 0 0 
515 0.0231175 0.74226 0.164005 0.0706163 0 0 0 0 0 0 
516 0.0231175 0.74226 0.164005 0.0706163 0 0 0 0 0 0 
517 0.0360889 0.862853 0.0637576 0.0373006 0 0 0 0 0 0 
518 0 0.669226 0.250701 0.0627007 0.0173716 0 0 0 0 0 
519 0.0347915 0.507589 0.388313 0.0646437 0.00466189 0 0 0 0 0 
520 0.0087033 0.823072 0.132839 0.0353852 0 0 0 0 0 0 
521 0 0.162692 0.837307 0 0 0 0 0 0 0 
522 0 0.469226 0.250935 0.262466 0.0173716 0 0 0 0 0 
523 0.0360889 0.662853 0.0637576 0.237301 0 0 0 0 0 0 
524 0.0192646 0.785217 0.136671 0.0588469 0 0 0 0 0 0 
525 0.0154353 0.938092 0.0310872 0.0153847 0 0 0 0 0 0 
526 0.0157373 0.603142 0.33132 0.0497999 0 0 0 0 0 0 
527 0 0.469226 0.250701 0.262701 0.0173716 0 0 0 0 0 
528 0.0347915 0.484661 0.411241 0.0646437 0.00466189 0 0 0 0 0 
529 0.0157373 0.803142 0.13132 0.0497999 0 0 0 0 0 0 
530 0.0457143 0.454263 0.454409 0.0456126 0 0 0 0 0 0 
531 0.0157373 0.803142 0.13132 0.0497999 0 0 0 0 0 0 
532 0.0347915 0.484661 0.411241 0.0646437 0.00466189 0 0 0 0 0 
533 0.0347915 0.684661 0.211241 0.0646437 0.00466189 0 0 0 0 0 
534 0.0157373 0.803142 0.13132 0.0497999 0 0 0 0 0 0 
535 0.0231175 0.74226 0.164005 0.0706163 0 0 0 0 0 0 
536 0.0347915 0.484661 0.411241 0.0646437 0.00466189 0 0 0 0 0 
537 0.0347915 0.484661 0.411241 0.0646437 0.00466189 0 0 0 0 0 
538 0.0157373 0.803142 0.13132 0.0497999 0 0 0 0 0 0 
539 0.0157373 0.603142 0.33132 0.0497999 0 0 0 0 0 0 
540 0.0457143 0.278502 0.630171 0.0456126 0 0 0 0 0 0 
541 0.0112409 0.859387 0.0937999 0.0355714 0 0 0 0 0 0 
542 0.0154353 0.938092 0.0310872 0.0153847 0 0 0 0 0 0 
543 0.0165125 0.8159 0.117147 0.0504402 0 0 0 0 0 0 
544 0.0231175 0.54226 0.16419 0.270431 0 0 0 0 0 0 
545 0.00853262 0.777584 0.166702 0.0471803 0 0 0 0 0 0 
546 0.0194541 0.21526 0.727038 0.0186393 0.0196079 0 0 0 0 0 
547 0 0.669226 0.250701 0.0627007 0.0173716 0 0 0 0 0 
548 0.0347915 0.484661 0.411241 0.0646437 0.00466189 0 0 0 0 0 
549 0 0.557706 0.375567 0.0522506 0.0144763 0 0 0 0 0 
550 0.0102391 0.733101 0.200043 0.0566164 0 0 0 0 0 0 
551 0.00944692 0.571934 0.301263 0.117355 0 0 0 0 0 0 
552 0.0154353 0.738092 0.231087 0.0153847 0 0 0 0 0 0 
553 0.00589186 0.73247 0.188291 0.0733467 0 0 0 0 0 0 
554 0.0112424 0.859386 0.0937999 0.0355714 0 0 0 0 0 0 
555 0.0300741 0.885711 0.0531314 0.0310838 0 0 0 0 0 0 
556 0 0.669226 0.250701 0.0627007 0.0173716 0 0 0 0 0 
557 0.0157373 0.603236 0.331226 0.0497999 0 0 0 0 0 0 
558 0 0.669133 0.250794 0.0627007 0.0173716 0 0 0 0 0 
559 0.0347915 0.484661 0.211241 0.264644 0.00466189 0 0 0 0 0 
560 0.0233449 0.258284 0.672529 0.0223119 0.0235295 0 0 0 0 0 
561 0 0.669226 0.250701 0.0627007 0.0173716 0 0 0 0 0 
562 0.0347915 0.684661 0.211241 0.0646437 0.00466189 0 0 0 0 0 
563 0.0347915 0.684661 0.211241 0.0646437 0.00466189 0 0 0 0 0 
564 0.0347915 0.484661 0.211241 0.0646437 0.204662 0 0 0 0 0 
565 0.0347915 0.484661 0.411241 0.0646437 0.00466189 0 0 0 0 0 
566 0.0094269 0.571954 0.301263 0.117355 0 0 0 0 0 0 
567 0.0102391 0.533101 0.400043 0.0566164 0 0 0 0 0 0 
568 0.0157373 0.606081 0.328381 0.0497999 0 0 0 0 0 0 
569 0 0.469226 0.450701 0.0627007 0.0173716 0 0 0 0 0 
570 0.0231175 0.74226 0.164005 0.0706163 0 0 0 0 0 0 
571 0.0157373 0.803142 0.13132 0.0497999 0 0 0 0 0 0 
572 0.0347915 0.484661 0.211241 0.264644 0.00466189 0 0 0 0 0 
573 0.0231175 0.74226 0.164005 0.0706163 0 0 0 0 0 0 
574 0.0231175 0.74226 0.164005 0.0706163 0 0 0 0 0 0 
575 0.0102391 0.733101 0.200043 0.0566164 0 0 0 0 0 0 
576 0.0360889 0.662862 0.263748 0.0373006 0 0 0 0 0 0 
577 0.0360889 0.862843 0.0637671 0.0373006 0 0 0 0 0 0 
578 0.0888889 0 0.693639 0.217471 0 0 0 0 0 0 
579 0.0157373 0.803142 0.13132 0.0497999 0 0 0 0 0 0 
580 0.0157373 0.603575 0.330887 0.0497999 0 0 0 0 0 0 
581 0 0.405892 0.545127 0.0489803 0 0 0 0 0 0 
582 0.0102391 0.733101 0.200043 0.0566164 0 0 0 0 0 0 
583 0.0157373 0.603142 0.33132 0.0497999 0 0 0 0 0 0 
584 0.0131149 0.669285 0.11065 0.20695 0 0 0 0 0 0 
585 0 0.405892 0.545127 0.0489803 0 0 0 0 0 0 
586 0.0157373 0.609577 0.324885 0.0497999 0 0 0 0 0 0 
587 0.0131144 0.663923 0.118193 0.204769 0 0 0 0 0 0 
588 0 0.466666 0.533333 0 0 0 0 0 0 0 
589 0 0.477443 0.442475 0.0627092 0.0173716 0 0 0 0 0 
590 0.0131144 0.828023 0.117362 0.0414999 0 0 0 0 0 0 
591 0.0347915 0.684661 0.211241 0.0646437 0.00466189 0 0 0 0 0 
592 0 0.669226 0.250701 0.0627007 0.0173716 0 0 0 0 0 
593 0 0.405892 0.345127 0.24898 0 0 0 0 0 0 
594 0.0094269 0.373494 0.499718 0.11736 0 0 0 0 0 0 
595 0.0360889 0.862853 0.0637576 0.0373006 0 0 0 0 0 0 
596 0.0102391 0.733101 0.200043 0.0566164 0 0 0 0 0 0 
597 0 0.733333 0.133586 0.13308 0 0 0 0 0 0 
598 0 0.469226 0.250701 0.262701 0.0173716 0 0 0 0 0 
599 0 0.469226 0.250701 0.0631552 0.216917 0 0 0 0 0 
600 0.0102391 0.533414 0.39973 0.0566164 0 0 0 0 0 0 
601 0.0347915 0.484662 0.411241 0.0646437 0.00466189 0 0 0 0 0 
602 0 0.469226 0.450701 0.0627007 0.0173716 0 0 0 0 0 
603 0.0231175 0.54226 0.364005 0.0706163 0 0 0 0 0 0 
604 0.0157373 0.603142 0.13132 0.2498 0 0 0 0 0 0 
605 0.0157373 0.803142 0.13132 0.0497999 0 0 0 0 0 0 
606 0.0157373 0.803142 0.13132 0.0497999 0 0 0 0 0 0 
607 0 0.469226 0.450701 0.0627007 0.0173716 0 0 0 0 0 
608 0.0457143 0.254263 0.455314 0.244708 0 0 0 0 0 0 
609 0.0154353 0.738092 0.231087 0.0153847 0 0 0 0 0 0 
610 0.0094269 0.371954 0.306244 0.312375 0 0 0 0 0 0 
611 0.0102391 0.733101 0.200043 0.0566164 0 0 0 0 0 0 
612 0.0231175 0.74226 0.164005 0.0706163 0 0 0 0 0 0 
613 0.0154353 0.938092 0.0310872 0.0153847 0 0 0 0 0 0 
614 0 0.469226 0.450701 0.0627007 0.0173716 0 0 0 0 0 
615 0 0.469226 0.256217 0.257184 0.0173716 0 0 0 0 0 
616 0 0.669226 0.250701 0.0627007 0.0173716 0 0 0 0 0 
617 0.0257778 0.616323 0.331255 0.0266433 0 0 0 0 0 0 
618 0.0457143 0.454263 0.454409 0.0456126 0 0 0 0 0 0 
619 0 0.475741 0.44397 0.0629165 0.0173716 0 0 0 0 0 
620 0 0 0.999999 0 0 0 0 0 0 0 
621 0.0233449 0.442841 0.487973 0.0223119 0.0235295 0 0 0 0 0 
622 0.0347915 0.500152 0.395751 0.0646437 0.00466189 0 0 0 0 0 
623 0.0102391 0.595645 0.33749 0.0566252 0 0 0 0 0 0 
624 0.0102391 0.533101 0.400043 0.0566164 0 0 0 0 0 0 
625 0.0347915 0.484661 0.211241 0.264644 0.00466189 0 0 0 0 0 
626 0.0157373 0.803142 0.13132 0.0497999 0 0 0 0 0 0 
627 0.0102391 0.733101 0.200043 0.0566164 0 0 0 0 0 0 
628 0.0157373 0.604125 0.330338 0.0497999 0 0 0 0 0 0 
629 0.0157373 0.80216 0.132302 0.0497999 0 0 0 0 0 0 
630 0.0231175 0.54226 0.364005 0.0706163 0 0 0 0 0 0 
631 0.0361228 0.862819 0.0637576 0.0373006 0 0 0 0 0 0 
632 0.0094269 0.371954 0.501263 0.117355 0 0 0 0 0 0 
633 0 0.141198 0.858801 0 0 0 0 0 0 0 
634 0.0231175 0.74226 0.164005 0.0706163 0 0 0 0 0 0 
635 0.0360889 0.862853 0.0637576 0.0373006 0 0 0 0 0 0 
636 0 0.669226 0.250701 0.0627007 0.0173716 0 0 0 0 0 
637 0.0347915 0.484661 0.411241 0.0646437 0.00466189 0 0 0 0 0 
638 0 0.469226 0.250701 0.262701 0.0173716 0 0 0 0 0 
639 0.0360889 0.862853 0.0637576 0.0373006 0 0 0 0 0 0 
640 0 0.266666 0.733333 0 0 0 0 0 0 0 
