0 3 0.631224
0 7 0.0752279
0 12 0.234879
0 17 0.058669
2 2 0.500435
2 3 0.499565
3 4 0.331674
3 5 0.334163
3 9 0.334163
4 6 1
5 4 0.334985
5 8 0.665015
6 7 0.0569074
6 17 0.943093
7 10 1
8 11 1
9 13 0.5
9 15 0.5
10 12 0.506468
10 27 0.493532
11 14 0.19999
11 16 0.599944
11 27 0.200066
12 7 0.992834
12 40 0.00716556
13 18 1
14 19 1
15 20 0.668559
15 27 0.331441
16 13 0.666667
16 225 0.333333
17 15 0.5
17 16 0.5
18 21 0.928567
18 27 0.0714332
19 22 0.142857
19 70 0.857143
20 23 0.332712
20 24 0.332712
20 73 0.166356
20 165 0.168221
21 24 0.5
21 26 0.5
22 25 1
23 28 0.5
23 30 0.5
24 29 1
25 58 1
26 31 0.5
26 33 0.5
27 32 1
28 25 1
29 34 1
30 35 0.5
30 36 0.5
31 3 0.499982
31 38 0.500018
32 12 0.65276
32 37 0.34724
33 12 0.105318
33 39 0.894682
34 7 0.124934
34 40 0.875066
35 12 0.347688
35 112 0.326156
35 395 0.163078
35 465 0.163078
36 41 0.333334
36 55 0.333334
36 112 0.333333
37 42 0.5
37 43 0.5
38 44 1
39 45 1
40 12 0.20102
40 95 0.79898
41 36 1
42 14 0.5
42 46 0.5
43 47 0.333333
43 49 0.666667
44 48 0.5
44 50 0.5
45 51 1
46 14 0.428571
46 52 0.571429
47 53 0.642806
47 81 0.196492
47 86 0.160702
48 35 0.666667
48 182 0.333333
49 54 0.5
49 55 0.5
50 56 0.922571
50 228 0.0774287
51 3 0.0836146
51 73 0.416539
51 175 0.499847
52 59 1
53 27 0.333333
53 57 0.333333
53 60 0.333333
54 61 1
55 62 1
56 63 0.5
56 65 0.5
57 64 1
58 5 0.439612
58 66 0.560388
59 67 1
60 68 0.5
60 69 0.5
61 71 1
62 72 0.536284
62 73 0.463716
63 3 0.189689
63 63 0.405587
63 64 0.404725
64 5 0.428862
64 74 0.571138
65 75 1
66 76 1
67 73 1
68 77 1
69 78 1
70 79 1
71 205 1
72 80 0.562651
72 81 0.437349
73 73 0.139792
73 74 0.860208
74 82 1
75 3 0.487107
75 83 0.512893
76 5 0.0831286
76 84 0.916871
77 55 1
78 5 0.11152
78 72 0.777775
78 84 0.110705
79 77 0.5
79 85 0.5
80 87 0.506833
80 88 0.493167
81 7 0.43666
81 88 0.121779
81 89 0.441561
82 90 1
83 27 0.5
83 71 0.5
84 66 0.5
84 91 0.5
85 92 1
86 93 1
87 5 0.500197
87 82 0.499803
88 82 0.000704784
88 94 0.999295
89 55 0.5
89 96 0.5
90 5 1
91 94 0.5
91 97 0.5
92 81 0.333331
92 86 0.333334
92 98 0.333336
93 40 0.5
93 87 0.5
94 99 1
95 100 1
96 100 1
97 12 0.5
97 101 0.5
98 102 1
99 106 1
100 103 0.333333
100 105 0.333333
100 107 0.333333
101 104 1
102 12 1
103 108 1
104 40 0.5
104 109 0.5
105 110 1
106 88 0.0543051
106 101 0.945695
107 40 0.5
107 104 0.5
108 56 0.5
108 111 0.5
109 7 0.544876
109 257 0.455124
110 113 1
111 27 0.333362
111 104 0.333319
111 114 0.333319
112 69 0.333333
112 115 0.333333
112 116 0.333333
113 56 1
114 117 0.5
114 121 0.5
115 3 0.499995
115 119 0.500005
116 27 0.500004
116 120 0.499996
117 118 0.320141
117 122 0.22662
117 214 0.453239
118 56 1
119 123 1
120 14 0.4
120 73 0.2
120 127 0.2
120 365 0.2
121 124 0.249993
121 126 0.499987
121 128 0.25002
122 125 0.5
122 129 0.5
123 7 0.480187
123 12 0.198089
123 478 0.321724
124 73 0.403881
124 130 0.596119
125 71 1
126 5 0.333333
126 27 0.333333
126 64 0.333333
127 131 1
128 5 1
129 43 0.169919
129 88 0.320323
129 132 0.509757
130 133 1
131 134 1
132 12 1
133 135 0.5
133 137 0.5
134 136 0.5
134 138 0.5
135 139 1
136 12 0.499415
136 116 0.500585
137 4 0.5
137 140 0.5
138 3 0.658826
138 141 0.341174
139 142 0.5
139 143 0.5
140 27 1
141 144 0.666667
141 155 0.333333
142 145 1
143 146 0.5
143 147 0.5
144 12 1
145 148 1
146 149 1
147 87 0.333333
147 150 0.333333
147 151 0.333333
148 152 1
149 153 1
150 154 1
151 156 1
152 3 1
153 158 1
154 157 1
155 159 1
156 5 0.150829
156 27 0.295827
156 73 0.109603
156 160 0.295827
156 476 0.147914
157 161 1
158 5 0.499923
158 74 0.500077
159 162 1
160 12 0.120463
160 88 0.223841
160 141 0.131263
160 321 0.524434
161 163 1
162 74 1
163 164 1
164 165 0.497182
164 166 0.502818
165 167 1
166 168 0.4
166 169 0.6
167 170 1
168 171 1
169 14 0.268039
169 173 0.731961
170 27 0.333333
170 107 0.333333
170 172 0.333333
171 123 0.16288
171 174 0.41856
171 176 0.41856
172 3 0.549838
172 123 0.450162
173 27 1
174 177 0.333333
174 178 0.333333
174 179 0.333333
175 180 1
176 181 1
177 183 1
178 184 1
179 27 0.5
179 185 0.5
180 186 0.5
180 187 0.5
181 40 1
182 186 1
183 12 1
184 185 1
185 104 1
186 73 0.333333
186 188 0.333333
186 190 0.333333
187 189 0.5
187 191 0.5
188 192 0.5
188 193 0.5
189 27 0.333333
189 194 0.333333
189 195 0.333333
190 196 1
191 27 1
192 3 0.333053
192 197 0.333474
192 198 0.333474
193 72 1
194 55 0.333333
194 104 0.166667
194 186 0.5
195 199 1
196 200 1
197 73 1
198 28 0.5
198 201 0.5
199 202 1
200 3 0.512463
200 72 0.487537
201 203 1
202 204 1
203 12 0.499992
203 206 0.500008
204 55 0.5
204 207 0.5
205 59 1
206 138 0.499874
206 208 0.500126
207 138 0.000502526
207 209 0.999497
208 210 0.5
208 211 0.5
209 3 0.5
209 12 0.5
210 3 0.0413849
210 5 0.479098
210 212 0.479518
211 212 0.49976
211 213 0.50024
212 37 1
213 27 1
214 215 1
215 216 1
216 58 0.333444
216 176 0.666556
217 58 1
218 14 0.387932
218 166 0.612068
219 57 0.5
219 210 0.5
220 14 0.5
220 175 0.5
221 217 1
222 3 0.599404
222 175 0.400596
223 73 1
224 218 1
225 219 1
226 90 1
227 220 1
228 222 1
229 221 1
230 223 0.000377388
230 227 0.50104
230 228 0.498583
231 223 0.498868
231 224 0.501132
232 226 0.5
232 227 0.5
233 14 0.5
233 228 0.5
234 56 1
235 229 1
236 230 1
237 231 1
238 12 0.317276
238 227 0.348159
238 228 0.334565
239 20 1
240 232 1
241 14 1
242 233 1
243 234 0.5
243 235 0.5
244 3 0.472361
244 73 0.350004
244 236 0.177635
245 237 1
246 238 1
247 239 1
248 240 1
249 241 1
250 242 1
251 243 1
252 244 1
253 245 1
254 246 1
255 95 0.5
255 247 0.5
256 55 1
257 240 0.333333
257 248 0.333333
257 249 0.333333
258 3 3.36004e-06
258 141 0.25004
258 250 0.749957
259 251 0.333333
259 252 0.333333
259 253 0.333333
260 48 0.4
260 250 0.6
261 255 1
262 104 0.5
262 254 0.5
263 5 0.123901
263 12 0.394497
263 27 0.278105
263 228 0.203497
264 227 0.5
264 256 0.5
265 42 1
266 258 0.5
266 260 0.5
267 3 1
268 259 0.5
268 261 0.5
269 262 1
270 218 1
271 17 0.11753
271 23 0.764165
271 27 0.118305
272 263 1
273 264 1
274 265 1
275 266 1
276 267 1
277 260 1
278 268 1
279 269 1
280 104 0.5
280 270 0.5
281 251 1
282 271 1
283 154 1
284 274 1
285 272 0.5
285 273 0.5
286 275 0.5
286 330 0.5
287 260 0.5
287 276 0.5
288 275 1
289 12 1
290 277 1
291 278 0.5
291 279 0.5
292 265 1
293 280 1
294 27 0.665611
294 281 0.334389
295 283 1
296 3 1
297 141 0.5
297 284 0.5
298 288 1
299 285 1
300 286 1
301 287 1
302 282 1
303 17 0.437921
303 274 0.562079
304 145 1
305 289 0.5
305 347 0.5
306 84 0.500003
306 290 0.499997
307 5 0.999989
307 290 1.07048e-05
308 214 0.333333
308 291 0.333333
308 292 0.333333
309 293 1
310 294 1
311 5 0.426928
311 295 0.573072
312 296 1
313 297 1
314 298 0.5
314 299 0.5
315 300 1
316 301 1
317 228 0.495461
317 302 0.504539
318 303 1
319 56 0.666666
319 307 0.333334
320 141 0.333333
320 304 0.666667
321 12 0.571404
321 56 0.428596
322 21 1
323 99 0.5
323 305 0.5
324 100 0.5
324 306 0.5
325 48 1
326 5 2.97519e-05
326 307 0.99997
327 73 0.333333
327 480 0.333333
327 481 0.333333
328 308 0.333333
328 309 0.333333
328 310 0.333333
329 311 1
330 312 1
331 104 0.25
331 128 0.25
331 298 0.25
331 299 0.25
332 313 1
333 5 0.665333
333 52 0.334667
334 314 1
335 171 1
336 3 0.456001
336 315 0.543999
337 316 1
338 138 0.5
338 317 0.5
339 318 1
340 319 1
341 228 1
342 128 0.5
342 320 0.5
343 214 1
344 138 0.499997
344 298 0.500003
345 298 0.499996
345 323 0.500004
346 322 0.5
346 324 0.5
347 118 0.370007
347 325 0.629992
348 326 0.5
348 327 0.5
349 14 0.5
349 328 0.5
350 329 1
351 228 0.5
351 326 0.5
352 14 0.497761
352 331 0.502239
353 6 0.333333
353 298 0.333333
353 332 0.333333
354 7 0.479284
354 12 0.185081
354 14 0.335635
355 5 0.333333
355 333 0.333333
355 334 0.333333
356 88 0.5
356 326 0.5
357 258 1
358 282 0.5
358 283 0.5
359 334 1
360 335 0.333333
360 337 0.333333
360 338 0.333333
361 104 1
362 304 0.5
362 336 0.5
363 27 0.499913
363 73 0.500087
364 339 1
365 340 1
366 189 1
367 104 0.333333
367 341 0.666667
368 342 1
369 132 0.5
369 473 0.5
370 343 1
371 344 0.333333
371 515 0.333333
371 516 0.333333
372 345 1
373 228 0.333333
373 234 0.333333
373 346 0.333333
374 104 0.5
374 138 0.5
375 250 1
376 189 0.32957
376 348 0.335215
376 349 0.335215
377 23 0.499993
377 350 0.500007
378 232 0.249961
378 240 0.250116
378 245 0.499923
379 351 0.5
379 352 0.5
380 353 1
381 354 1
382 326 1
383 73 0.5
383 355 0.5
384 356 0.5
384 357 0.5
385 358 1
386 27 0.392413
386 141 0.202529
386 359 0.405058
387 3 1
388 40 0.332219
388 48 0.333891
388 360 0.333891
389 40 0.201599
389 361 0.798401
390 362 1
391 40 0.5
391 363 0.5
392 325 1
393 27 0.5
393 364 0.5
394 15 0.5
394 366 0.5
395 367 0.5
395 369 0.5
396 128 0.499974
396 368 0.500026
397 50 0.333333
397 370 0.333333
397 371 0.333333
398 372 1
399 374 1
400 373 1
401 375 1
402 376 1
403 377 0.333333
403 378 0.333333
403 379 0.333333
404 14 1
405 322 1
406 380 1
407 381 1
408 381 1
409 104 0.333339
409 382 0.666661
410 117 0.333333
410 118 0.333333
410 128 0.333333
411 383 1
412 232 1
413 12 0.166626
413 84 0.499928
413 247 0.333447
414 247 0.499758
414 385 0.500242
415 104 0.333328
415 295 0.333336
415 384 0.333336
416 386 1
417 73 1
418 344 0.5
418 388 0.5
419 141 0.5
419 387 0.5
420 3 1
421 322 1
422 389 1
423 390 0.333333
423 391 0.333333
423 393 0.333333
424 392 1
425 394 1
426 3 1
427 3 1
428 52 1
429 314 1
430 30 1
431 56 0.5
431 393 0.5
432 250 1
433 3 1
434 141 0.249933
434 155 0.500045
434 396 0.250022
435 60 0.5
435 397 0.5
436 137 0.666667
436 429 0.333333
437 5 0.333333
437 138 0.333333
437 398 0.333333
438 41 1
439 400 1
440 400 1
441 103 0.333333
441 301 0.666667
442 401 1
443 402 0.663087
443 410 0.336913
444 399 0.5
444 403 0.5
445 3 0.399437
445 404 0.600563
446 405 1
447 406 1
448 5 1
449 407 1
450 408 1
451 104 1
452 409 1
453 272 1
454 41 1
455 284 1
456 411 1
457 415 1
458 410 0.495918
458 413 0.504082
459 414 1
460 412 1
461 23 1
462 60 1
463 95 1
464 42 0.5
464 137 0.5
465 416 1
466 417 1
467 418 1
468 13 1
469 419 0.75
469 427 0.25
470 420 1
471 422 1
472 423 1
473 424 1
474 5 0.03125
474 7 0.03125
474 12 0.03125
474 13 0.03125
474 14 0.03125
474 17 0.03125
474 21 0.03125
474 23 0.03125
474 27 0.03125
474 40 0.03125
474 42 0.03125
474 44 0.03125
474 56 0.03125
474 60 0.03125
474 73 0.03125
474 95 0.03125
474 137 0.03125
474 250 0.03125
474 307 0.03125
474 382 0.03125
474 416 0.03125
474 417 0.03125
474 418 0.03125
474 419 0.03125
474 420 0.03125
474 421 0.03125
474 422 0.03125
474 423 0.03125
474 424 0.03125
474 425 0.03125
474 426 0.03125
474 427 0.03125
475 420 1
476 421 1
477 12 3.94221e-05
477 426 0.999961
478 382 1
479 13 0.333293
479 250 0.333354
479 425 0.333354
480 298 1
481 299 1
482 300 1
483 300 1
484 12 0.499984
484 301 0.500016
485 428 1
486 104 0.5
486 430 0.5
487 431 0.666667
487 444 0.333333
488 432 1
489 3 0.495425
489 433 0.504575
490 27 0.5
490 434 0.5
491 12 0.666402
491 436 0.333598
492 176 0.333333
492 435 0.333333
492 437 0.333333
493 438 1
494 439 1
495 440 1
496 104 0.5
496 441 0.5
497 362 0.5
497 442 0.5
498 443 1
499 3 0.499954
499 77 0.500046
500 73 0.5
500 445 0.5
501 446 0.333333
501 447 0.333333
501 448 0.333333
502 227 1
503 3 0.120215
503 12 0.383871
503 322 0.495913
504 3 0.514926
504 449 0.485074
505 136 0.5
505 450 0.5
506 55 0.5
506 137 0.5
507 27 0.25
507 154 0.25
507 451 0.25
507 452 0.25
508 41 1
509 453 1
510 55 0.333333
510 454 0.333333
510 456 0.333333
511 5 0.5
511 455 0.5
512 325 1
513 59 0.5
513 73 0.5
514 298 1
515 27 1
516 457 1
517 14 1
518 458 1
519 7 0.499695
519 50 0.500305
520 3 0.763586
520 228 0.236414
521 12 0.457991
521 459 0.542009
522 3 0.333205
522 448 0.333398
522 460 0.333398
523 109 0.333424
523 141 0.333151
523 461 0.333424
524 462 1
525 463 1
526 128 0.5
526 464 0.5
527 40 0.333333
527 155 0.333333
527 469 0.333333
528 88 0.5
528 466 0.5
529 56 1
530 87 1
531 137 1
532 104 0.5
532 468 0.5
533 467 1
534 470 1
535 56 1
536 137 0.5
536 301 0.5
537 471 0.5
537 472 0.5
538 56 1
539 14 0.5
539 175 0.5
540 5 0.434363
540 322 0.565637
541 242 1
542 474 1
543 475 1
544 3 0.333286
544 391 0.333357
544 477 0.333357
545 229 1
546 240 0.499923
546 479 0.500077
547 73 1
548 257 0.5
548 482 0.5
549 229 0.333344
549 483 0.666656
550 484 1
551 5 1
552 485 0.5
552 486 0.5
553 229 0.749747
553 483 0.250253
554 26 0.333479
554 483 0.666521
555 487 1
556 350 1
557 5 0.473442
557 488 0.526558
558 5 1
559 97 0.333333
559 489 0.333333
559 490 0.333333
560 88 0.177977
560 491 0.822023
561 229 1
562 281 1
563 104 1
564 128 0.25
564 314 0.25
564 486 0.25
564 492 0.25
565 214 0.5
565 493 0.5
566 494 1
567 372 0.5
567 495 0.5
568 40 0.405482
568 496 0.594518
569 497 0.5
569 498 0.5
570 499 1
571 500 1
572 501 0.333333
572 502 0.333333
572 503 0.333333
573 5 1
574 88 1
575 504 1
576 505 0.5
576 506 0.5
577 507 1
578 227 0.5
578 228 0.5
579 240 1
580 12 0.499997
580 190 0.500003
581 508 0.5
581 509 0.5
582 510 1
583 354 0.5
583 511 0.5
584 12 0.749995
584 240 0.250005
585 128 0.5
585 275 0.5
586 512 0.540229
586 513 0.459771
587 12 0.241008
587 40 0.482063
587 513 0.276929
588 240 1
589 3 0.497543
589 514 0.502457
590 12 0.258462
590 37 0.370769
590 517 0.370769
591 237 1
592 518 1
593 519 0.333333
593 520 0.333333
593 521 0.333333
594 3 0.498253
594 522 0.501747
595 18 1
596 19 1
597 523 1
598 524 0.333333
598 526 0.333333
598 528 0.333333
599 12 0.24949
599 257 0.25017
599 525 0.25017
599 527 0.25017
600 3 0.481862
600 529 0.518138
601 517 0.5
601 531 0.5
602 237 0.5
602 532 0.5
603 350 0.5
603 354 0.5
604 27 0.333333
604 128 0.333333
604 530 0.333333
605 236 1
606 49 1
607 229 0.5
607 534 0.5
608 5 0.33325
608 12 0.333355
608 533 0.333395
609 57 0.5
609 535 0.5
610 3 0.3604
610 12 0.277751
610 103 0.361849
611 536 1
612 104 1
613 537 1
614 189 0.5
614 538 0.5
615 12 0.330417
615 287 0.334791
615 539 0.334791
616 97 1
617 55 0.4
617 275 0.4
617 540 0.2
618 541 1
619 3 0.498236
619 542 0.501764
620 5 0.5
620 227 0.5
621 12 0.182223
621 228 0.817777
622 12 0.437304
622 491 0.562696
623 3 0.4984
623 544 0.5016
624 545 0.5
624 547 0.5
625 132 0.333333
625 543 0.333333
625 546 0.333333
626 548 1
627 73 1
628 549 0.500441
628 550 0.499559
629 550 0.00176096
629 551 0.998239
630 511 0.5
630 552 0.5
631 141 1
632 519 0.5
632 553 0.5
633 14 0.499989
633 435 0.500011
634 554 1
635 555 1
636 556 1
637 5 0.499979
637 130 0.500021
638 27 0.333333
638 238 0.333333
638 245 0.333333
639 557 1
640 141 0.5
640 558 0.5
