5 0 100 6 1
1 1 100 6 0.500207
2 1 100 6 0.499793
3 2 100 6 1
2 3 100 6 0.000826509
4 3 100 6 0.999173
5 4 100 6 1
6 5 100 6 1
6 0 100 7 1
1 1 100 7 0.666886
2 1 100 7 0.333114
1 2 100 7 0.199684
2 2 100 7 0.400158
3 2 100 7 0.200079
4 2 100 7 0.200079
3 3 100 7 0.333333
4 3 100 7 0.333333
5 3 100 7 0.333333
3 4 100 7 0.2
4 4 100 7 0.2
5 4 100 7 0.4
6 4 100 7 0.2
6 5 100 7 0.666664
7 5 100 7 0.333336
7 6 100 7 1
2 0 100 8 0.976865
6 0 100 8 0.0231354
1 1 100 8 0.666839
2 1 100 8 0.333161
2 2 100 8 0.286109
3 2 100 8 0.284728
4 2 100 8 0.286109
8 2 100 8 0.143054
3 3 100 8 0.4
5 3 100 8 0.4
6 3 100 8 0.2
3 4 100 8 0.00192739
4 4 100 8 0.399229
5 4 100 8 0.199615
7 4 100 8 0.399229
5 5 100 8 0.200001
6 5 100 8 0.599997
8 5 100 8 0.200001
7 6 100 8 1
8 7 100 8 1
4 0 100 9 1
1 1 100 9 1
2 2 100 9 1
3 3 100 9 0.545446
4 3 100 9 0.27273
6 3 100 9 0.0909118
8 3 100 9 0.0909118
2 4 100 9 8.84373e-06
3 4 100 9 0.111153
4 4 100 9 0.444345
5 4 100 9 0.444493
5 5 100 9 0.212881
6 5 100 9 0.361356
7 5 100 9 0.354802
8 5 100 9 0.0709604
6 6 100 9 0.131375
7 6 100 9 0.289486
8 6 100 9 0.434396
9 6 100 9 0.144743
8 7 100 9 0.333201
9 7 100 9 0.666799
9 8 100 9 1
3 0 100 10 0.0067409
5 0 100 10 0.0125275
6 0 100 10 0.0172154
7 0 100 10 0.866612
9 0 100 10 0.0969042
1 1 100 10 0.888888
2 1 100 10 0.111111
4 1 100 10 1.28726e-06
1 2 100 10 0.083448
2 2 100 10 0.584136
3 2 100 10 0.248968
4 2 100 10 0.083448
3 3 100 10 0.357166
4 3 100 10 0.285693
5 3 100 10 0.142856
6 3 100 10 0.0714282
8 3 100 10 0.142856
3 4 100 10 0.0847692
4 4 100 10 0.33368
5 4 100 10 0.333432
7 4 100 10 0.164955
9 4 100 10 0.0831624
2 5 100 10 0.0666494
5 5 100 10 0.200179
6 5 100 10 0.466515
7 5 100 10 0.0666495
8 5 100 10 0.0666495
9 5 100 10 0.0667081
10 5 100 10 0.0666495
6 6 100 10 0.100277
7 6 100 10 0.498507
8 6 100 10 0.200555
9 6 100 10 0.100383
10 6 100 10 0.100277
7 7 100 10 0.113993
8 7 100 10 0.443247
9 7 100 10 0.331947
10 7 100 10 0.110812
9 8 100 10 0.500261
10 8 100 10 0.499739
10 9 100 10 1
4 10 100 10 1
3 0 100 11 1
1 1 100 11 0.99162
2 1 100 11 0.00838015
2 2 100 11 0.499836
3 2 100 11 0.000236097
4 2 100 11 0.499928
3 3 100 11 0.499717
5 3 100 11 0.500283
4 4 100 11 0.333292
6 4 100 11 0.333354
7 4 100 11 0.333354
6 5 100 11 0.333333
8 5 100 11 0.666667
7 6 100 11 0.333333
9 6 100 11 0.666667
2 7 100 11 0.329556
10 7 100 11 0.670444
11 8 100 11 1
11 0 100 12 0.999899
12 0 100 12 0.000100852
1 1 100 12 0.999913
2 1 100 12 8.74289e-05
2 2 100 12 0.794998
3 2 100 12 0.204998
10 2 100 12 3.58519e-06
2 3 100 12 0.142857
3 3 100 12 0.428571
4 3 100 12 0.142857
6 3 100 12 0.142857
8 3 100 12 0.142857
3 4 100 12 0.142865
4 4 100 12 0.428595
5 4 100 12 0.14281
7 4 100 12 0.142865
9 4 100 12 0.142865
4 5 100 12 0.128271
5 5 100 12 0.318424
6 5 100 12 0.384814
7 5 100 12 0.040219
10 5 100 12 0.128271
5 6 100 12 0.0722068
7 6 100 12 0.513912
8 6 100 12 0.13256
9 6 100 12 0.139405
11 6 100 12 0.141916
8 7 100 12 0.249992
9 7 100 12 0.249992
10 7 100 12 0.374988
11 7 100 12 3.14067e-05
12 7 100 12 0.124996
2 8 100 12 0.0202594
8 8 100 12 0.174941
10 8 100 12 0.16675
11 8 100 12 0.471299
12 8 100 12 0.16675
9 9 100 12 0.333335
11 9 100 12 0.333331
12 9 100 12 0.333335
5 10 100 12 0.5
12 10 100 12 0.5
6 11 100 12 1
12 12 100 12 1
3 0 100 13 0.000129205
7 0 100 13 0.997735
8 0 100 13 0.000180708
10 0 100 13 0.000296109
12 0 100 13 0.00165917
1 1 100 13 0.571416
2 1 100 13 0.285708
3 1 100 13 0.142877
1 2 100 13 0.166667
2 2 100 13 0.333333
4 2 100 13 0.5
2 3 100 13 0.199999
3 3 100 13 0.199984
5 3 100 13 0.599997
8 3 100 13 1.31872e-05
9 3 100 13 7.15856e-06
3 4 100 13 0.333333
4 4 100 13 0.166667
5 4 100 13 0.166667
6 4 100 13 0.333333
3 5 100 13 0.142822
4 5 100 13 0.142863
5 5 100 13 0.142863
6 5 100 13 0.285726
10 5 100 13 0.285726
6 6 100 13 0.0927494
7 6 100 13 0.350758
8 6 100 13 0.0927494
9 6 100 13 0.278245
11 6 100 13 0.185499
3 7 100 13 8.35194e-06
8 7 100 13 0.436722
9 7 100 13 0.109187
10 7 100 13 0.126522
11 7 100 13 0.109187
12 7 100 13 0.218373
9 8 100 13 0.146283
10 8 100 13 0.123015
11 8 100 13 0.146283
12 8 100 13 0.291852
13 8 100 13 0.292566
10 9 100 13 0.332978
12 9 100 13 0.00106652
13 9 100 13 0.665956
7 10 100 13 0.089124
11 10 100 13 0.910876
12 11 100 13 1
13 12 100 13 1
7 13 100 13 1
2 0 100 14 0.000286199
3 0 100 14 3.91128e-05
7 0 100 14 0.000226442
10 0 100 14 0.000347007
13 0 100 14 0.999
14 0 100 14 0.000100829
1 1 100 14 0.9
3 1 100 14 0.1
2 2 100 14 0.502607
3 2 100 14 0.345344
4 2 100 14 0.0612743
8 2 100 14 0.0496484
10 2 100 14 0.0406884
11 2 100 14 0.000437562
2 3 100 14 0.0555484
3 3 100 14 0.239371
4 3 100 14 0.587565
5 3 100 14 0.117513
10 3 100 14 2.4079e-06
4 4 100 14 0.25
5 4 100 14 0.5
6 4 100 14 0.0833333
7 4 100 14 0.0833333
8 4 100 14 0.0833333
5 5 100 14 0.142844
6 5 100 14 0.499891
7 5 100 14 0.142902
8 5 100 14 0.0714541
9 5 100 14 0.142908
6 6 100 14 0.0658152
7 6 100 14 0.263261
8 6 100 14 0.275955
9 6 100 14 0.0658924
10 6 100 14 0.13163
11 6 100 14 0.197446
2 7 100 14 0.000165149
6 7 100 14 0.000286065
8 7 100 14 0.142612
9 7 100 14 0.357008
10 7 100 14 0.0714184
11 7 100 14 0.142837
12 7 100 14 0.285674
2 8 100 14 0.0206418
3 8 100 14 0.020941
7 8 100 14 0.128087
9 8 100 14 0.0640435
10 8 100 14 0.341493
11 8 100 14 0.191673
12 8 100 14 0.0640435
13 8 100 14 0.105036
14 8 100 14 0.0640412
5 9 100 14 9.96647e-05
10 9 100 14 0.000402332
11 9 100 14 0.111056
12 9 100 14 0.444226
13 9 100 14 0.333159
14 9 100 14 0.111056
13 10 100 14 0.571431
14 10 100 14 0.428569
14 11 100 14 1
4 0 100 15 0.169933
6 0 100 15 0.0047808
7 0 100 15 0.0542737
8 0 100 15 0.00135629
9 0 100 15 0.00750634
10 0 100 15 0.728675
12 0 100 15 0.00811985
14 0 100 15 0.0253553
1 1 100 15 0.999639
12 1 100 15 0.000361173
1 2 100 15 0.0574092
2 2 100 15 0.757753
3 2 100 15 0.0765863
4 2 100 15 0.108251
2 3 100 15 0.166801
3 3 100 15 0.416197
4 3 100 15 0.250201
5 3 100 15 0.0834004
7 3 100 15 0.0834004
1 4 100 15 0.0544465
3 4 100 15 0.253975
4 4 100 15 0.152876
5 4 100 15 0.230872
6 4 100 15 0.230872
7 4 100 15 0.0769574
4 5 100 15 0.199575
5 5 100 15 0.152129
6 5 100 15 0.163237
7 5 100 15 0.104735
8 5 100 15 0.228194
9 5 100 15 0.152129
2 6 100 15 2.22755e-06
3 6 100 15 4.68329e-06
5 6 100 15 0.142902
6 6 100 15 0.0714509
7 6 100 15 0.214045
8 6 100 15 0.0714509
9 6 100 15 0.142902
10 6 100 15 0.142902
11 6 100 15 0.142896
12 6 100 15 0.0714459
3 7 100 15 0.000118716
5 7 100 15 0.0623268
6 7 100 15 0.125951
7 7 100 15 0.125951
8 7 100 15 0.125951
9 7 100 15 0.0629753
10 7 100 15 0.12255
11 7 100 15 0.125951
12 7 100 15 0.185251
13 7 100 15 0.0629753
5 8 100 15 0.000862169
8 8 100 15 0.167559
9 8 100 15 0.0126146
10 8 100 15 0.251352
11 8 100 15 0.251352
12 8 100 15 0.00466211
13 8 100 15 0.227814
14 8 100 15 0.0837828
4 9 100 15 0.0290093
6 9 100 15 0.0658139
7 9 100 15 0.0480405
9 9 100 15 0.219652
10 9 100 15 0.076283
11 9 100 15 0.0771082
12 9 100 15 0.154026
13 9 100 15 0.0216607
14 9 100 15 0.231304
15 9 100 15 0.0771022
8 10 100 15 0.0908422
9 10 100 15 0.0908178
10 10 100 15 0.000611404
12 10 100 15 0.181833
13 10 100 15 0.272527
14 10 100 15 0.0908422
15 10 100 15 0.272527
9 11 100 15 2.52775e-05
10 11 100 15 0.166725
13 11 100 15 0.166748
14 11 100 15 0.499753
15 11 100 15 0.166748
9 12 100 15 2.92596e-05
10 12 100 15 3.39534e-05
11 12 100 15 0.249869
14 12 100 15 0.000456329
15 12 100 15 0.749611
12 13 100 15 1
13 14 100 15 0.500602
14 14 100 15 0.499397
14 15 100 15 0.00149687
15 15 100 15 0.998503
3 0 100 16 0.86753
6 0 100 16 0.00923128
8 0 100 16 0.123239
1 1 100 16 0.749893
2 1 100 16 0.250107
1 2 100 16 0.209484
2 2 100 16 0.581033
7 2 100 16 0.209483
2 3 100 16 0.0700068
3 3 100 16 0.619618
6 3 100 16 0.310059
8 3 100 16 0.000315685
3 4 100 16 0.25
4 4 100 16 0.75
3 5 100 16 7.57882e-05
4 5 100 16 0.191032
5 5 100 16 0.764128
6 5 100 16 0.0447638
6 6 100 16 0.479549
7 6 100 16 0.346967
8 6 100 16 0.173484
3 7 100 16 0.000189805
8 7 100 16 0.333079
9 7 100 16 0.166752
10 7 100 16 0.333319
13 7 100 16 0.16666
7 8 100 16 0.0909211
9 8 100 16 0.272631
10 8 100 16 0.0909211
11 8 100 16 0.272763
13 8 100 16 0.0909211
14 8 100 16 0.181842
8 9 100 16 0.2
10 9 100 16 0.2
12 9 100 16 0.4
15 9 100 16 0.2
3 10 100 16 0.199509
9 10 100 16 0.000178437
11 10 100 16 0.200078
12 10 100 16 0.400156
15 10 100 16 0.200078
13 11 100 16 0.5
16 11 100 16 0.5
6 12 100 16 0.000472746
14 12 100 16 0.666351
15 12 100 16 0.333176
15 13 100 16 0.499996
16 13 100 16 0.500004
16 14 100 16 1
2 0 100 17 0.00173811
3 0 100 17 0.110048
5 0 100 17 0.0150792
9 0 100 17 0.000424997
11 0 100 17 0.862751
16 0 100 17 0.00995802
1 1 100 17 1
1 2 100 17 0.111159
2 2 100 17 0.666525
3 2 100 17 0.222317
2 3 100 17 0.101292
3 3 100 17 0.49354
4 3 100 17 0.303876
5 3 100 17 0.101292
4 4 100 17 0.337317
5 4 100 17 0.335612
6 4 100 17 0.168658
7 4 100 17 0.158121
11 4 100 17 0.000290994
5 5 100 17 0.197748
6 5 100 17 0.296218
7 5 100 17 0.209816
8 5 100 17 0.296218
2 6 100 17 0.000202672
6 6 100 17 0.222189
8 6 100 17 0.333284
9 6 100 17 0.222135
10 6 100 17 0.111095
11 6 100 17 0.111095
7 7 100 17 0.110412
9 7 100 17 0.331235
10 7 100 17 0.110412
11 7 100 17 0.00629436
12 7 100 17 0.220823
13 7 100 17 0.110412
14 7 100 17 0.110412
7 8 100 17 0.198404
8 8 100 17 0.100105
9 8 100 17 0.100105
10 8 100 17 0.100105
11 8 100 17 0.200968
13 8 100 17 0.100105
14 8 100 17 0.100105
15 8 100 17 0.100105
9 9 100 17 0.0999488
10 9 100 17 0.299846
11 9 100 17 0.000868966
12 9 100 17 0.199898
13 9 100 17 0.0999487
15 9 100 17 0.0999488
16 9 100 17 0.199541
7 10 100 17 0.00181348
10 10 100 17 0.100564
11 10 100 17 0.193411
12 10 100 17 0.201128
13 10 100 17 0.100564
14 10 100 17 0.201128
16 10 100 17 0.000263025
17 10 100 17 0.201128
11 11 100 17 0.142857
12 11 100 17 0.142857
13 11 100 17 0.285714
14 11 100 17 0.142857
15 11 100 17 0.285714
13 12 100 17 0.12836
14 12 100 17 0.256719
15 12 100 17 0.233165
16 12 100 17 0.381757
15 13 100 17 0.281867
16 13 100 17 0.00364215
17 13 100 17 0.714491
16 14 100 17 1
17 15 100 17 1
2 0 100 18 0.0703041
11 0 100 18 0.0336297
17 0 100 18 0.895976
18 0 100 18 9.00297e-05
1 1 100 18 0.999864
7 1 100 18 6.54903e-05
11 1 100 18 7.05432e-05
1 2 100 18 0.167599
2 2 100 18 0.497202
3 2 100 18 0.167599
4 2 100 18 0.167599
2 3 100 18 0.281009
3 3 100 18 0.559452
4 3 100 18 0.140505
5 3 100 18 0.0190339
3 4 100 18 0.00410779
4 4 100 18 0.514874
5 4 100 18 0.222561
6 4 100 18 0.000967186
7 4 100 18 0.257455
17 4 100 18 3.55246e-05
4 5 100 18 0.2
5 5 100 18 0.6
6 5 100 18 0.2
3 6 100 18 0.000462224
6 6 100 18 0.59943
7 6 100 18 0.200047
9 6 100 18 0.200061
5 7 100 18 0.163699
7 7 100 18 0.334493
8 7 100 18 0.334538
10 7 100 18 0.167269
5 8 100 18 0.00265569
6 8 100 18 0.00180251
8 8 100 18 0.124443
9 8 100 18 0.248885
10 8 100 18 0.124443
11 8 100 18 0.248885
13 8 100 18 0.124443
14 8 100 18 0.124443
6 9 100 18 0.109999
8 9 100 18 0.111616
9 9 100 18 0.111616
10 9 100 18 0.223232
12 9 100 18 0.223232
13 9 100 18 0.111616
15 9 100 18 0.108691
8 10 100 18 0.0908698
9 10 100 18 0.0908108
11 10 100 18 0.180263
12 10 100 18 0.18174
13 10 100 18 0.0908698
14 10 100 18 0.0908698
15 10 100 18 0.0932513
16 10 100 18 0.0908698
17 10 100 18 0.0904566
9 11 100 18 8.11145e-05
10 11 100 18 0.124949
13 11 100 18 0.124949
14 11 100 18 0.124949
15 11 100 18 0.249898
16 11 100 18 0.124949
17 11 100 18 0.125276
18 11 100 18 0.124949
7 12 100 18 0.166667
11 12 100 18 0.166667
14 12 100 18 0.166667
16 12 100 18 0.333333
18 12 100 18 0.166667
12 13 100 18 0.279628
17 13 100 18 0.440757
18 13 100 18 0.279616
13 14 100 18 0.333333
14 14 100 18 0.333333
18 14 100 18 0.333333
15 15 100 18 0.5
16 15 100 18 0.5
17 16 100 18 1
18 17 100 18 1
2 0 100 19 0.152123
3 0 100 19 0.241322
6 0 100 19 0.183474
9 0 100 19 0.342219
12 0 100 19 0.0778296
16 0 100 19 0.00303317
1 1 100 19 1
1 2 100 19 0.204158
2 2 100 19 0.591684
3 2 100 19 0.204158
2 3 100 19 0.142374
3 3 100 19 0.145758
4 3 100 19 0.142374
5 3 100 19 0.284747
6 3 100 19 0.142374
18 3 100 19 0.142374
3 4 100 19 0.143334
4 4 100 19 0.430002
6 4 100 19 0.121847
7 4 100 19 0.286668
16 4 100 19 0.0181494
3 5 100 19 0.160252
5 5 100 19 0.338806
8 5 100 19 0.169403
9 5 100 19 0.33154
6 6 100 19 0.4
8 6 100 19 0.2
10 6 100 19 0.2
11 6 100 19 0.2
7 7 100 19 0.4
10 7 100 19 0.2
12 7 100 19 0.2
15 7 100 19 0.2
8 8 100 19 0.22222
11 8 100 19 0.111111
13 8 100 19 0.222223
14 8 100 19 0.222223
16 8 100 19 0.111111
17 8 100 19 0.111111
2 9 100 19 0.016315
9 9 100 19 0.394244
12 9 100 19 0.195199
15 9 100 19 0.197122
18 9 100 19 0.197119
6 10 100 19 0.0181309
10 10 100 19 0.285718
12 10 100 19 0.142859
16 10 100 19 0.124715
17 10 100 19 0.142859
18 10 100 19 0.142859
19 10 100 19 0.142859
11 11 100 19 0.4
12 11 100 19 0.2
17 11 100 19 0.2
19 11 100 19 0.2
13 12 100 19 1
14 13 100 19 0.499661
15 13 100 19 0.000678744
16 13 100 19 0.499661
14 14 100 19 0.333484
15 14 100 19 0.333031
17 14 100 19 0.333484
15 15 100 19 0.5
16 15 100 19 0.5
18 16 100 19 0.499996
19 16 100 19 0.500004
19 17 100 19 1
3 0 100 20 0.0145526
5 0 100 20 1.3296e-05
6 0 100 20 0.284873
7 0 100 20 1.58381e-05
9 0 100 20 0.00378725
12 0 100 20 0.284945
13 0 100 20 0.185166
14 0 100 20 0.0179521
15 0 100 20 2.82259e-05
19 0 100 20 0.208646
20 0 100 20 2.10421e-05
1 1 100 20 0.857143
2 1 100 20 0.142857
1 2 100 20 0.111433
2 2 100 20 0.337093
3 2 100 20 0.44004
4 2 100 20 0.111433
2 3 100 20 0.180092
3 3 100 20 0.180092
4 3 100 20 0.270138
5 3 100 20 0.180092
7 3 100 20 0.00949442
18 3 100 20 0.090046
19 3 100 20 0.090046
3 4 100 20 0.0917898
4 4 100 20 0.18358
5 4 100 20 0.091785
6 4 100 20 0.367159
7 4 100 20 0.173896
8 4 100 20 0.0917898
4 5 100 20 0.0999953
5 5 100 20 0.399981
7 5 100 20 0.199991
9 5 100 20 0.0999953
10 5 100 20 0.0999953
11 5 100 20 0.0999953
12 5 100 20 4.70518e-05
2 6 100 20 0.0813879
6 6 100 20 0.166961
7 6 100 20 0.0834808
8 6 100 20 0.250442
11 6 100 20 0.16712
13 6 100 20 0.0836461
15 6 100 20 0.0834808
17 6 100 20 0.0834808
7 7 100 20 0.0770058
8 7 100 20 0.154012
9 7 100 20 0.306948
10 7 100 20 0.154012
12 7 100 20 0.154011
14 7 100 20 0.0770058
16 7 100 20 0.0770058
8 8 100 20 0.0828806
9 8 100 20 0.0829354
10 8 100 20 0.248641
11 8 100 20 0.165761
13 8 100 20 0.165761
14 8 100 20 0.0828806
15 8 100 20 0.0828806
16 8 100 20 0.0828806
19 8 100 20 0.00537907
10 9 100 20 0.0717631
11 9 100 20 0.14339
12 9 100 20 0.143508
13 9 100 20 0.0717631
14 9 100 20 0.210767
15 9 100 20 0.215282
17 9 100 20 0.0717631
18 9 100 20 0.0717631
9 10 100 20 0.0866074
12 10 100 20 0.173174
13 10 100 20 0.0864359
14 10 100 20 0.0866074
16 10 100 20 0.173215
17 10 100 20 0.0866074
18 10 100 20 0.0866074
19 10 100 20 0.134142
20 10 100 20 0.0866034
15 11 100 20 0.125
16 11 100 20 0.125
17 11 100 20 0.375
18 11 100 20 0.25
20 11 100 20 0.125
7 12 100 20 0.141469
13 12 100 20 0.0495148
16 12 100 20 0.141469
18 12 100 20 0.141469
19 12 100 20 0.384614
20 12 100 20 0.141465
15 13 100 20 0.144194
16 13 100 20 0.144194
17 13 100 20 0.144194
18 13 100 20 0.144194
19 13 100 20 0.134836
20 13 100 20 0.288388
14 14 100 20 0.5
20 14 100 20 0.5
15 15 100 20 1
20 16 100 20 1
13 17 100 20 1
3 0 100 21 0.00385983
8 0 100 21 0.995494
17 0 100 21 0.000439952
20 0 100 21 0.000205873
1 1 100 21 1
1 2 100 21 0.135374
2 2 100 21 0.720521
4 2 100 21 0.144104
3 3 100 21 0.204158
4 3 100 21 0.264893
5 3 100 21 0.132447
8 3 100 21 0.000519289
9 3 100 21 0.133162
10 3 100 21 0.263659
15 3 100 21 0.00116042
3 4 100 21 0.331694
4 4 100 21 0.165846
6 4 100 21 0.165847
7 4 100 21 0.170766
11 4 100 21 0.165847
3 5 100 21 0.0539192
4 5 100 21 0.118705
5 5 100 21 0.474819
6 5 100 21 0.118705
7 5 100 21 0.233853
6 6 100 21 0.189557
7 6 100 21 0.126489
8 6 100 21 0.252902
9 6 100 21 0.252902
17 6 100 21 0.114807
19 6 100 21 0.0633426
3 7 100 21 1.05925e-05
7 7 100 21 0.100916
8 7 100 21 0.192264
9 7 100 21 0.100371
10 7 100 21 0.202773
11 7 100 21 0.100916
12 7 100 21 0.201833
13 7 100 21 0.100916
6 8 100 21 0.145644
11 8 100 21 0.417555
12 8 100 21 0.291158
14 8 100 21 0.145644
9 9 100 21 0.2
12 9 100 21 0.2
13 9 100 21 0.4
15 9 100 21 0.2
10 10 100 21 0.166657
13 10 100 21 0.166714
14 10 100 21 0.333314
16 10 100 21 0.333314
3 11 100 21 0.00146141
8 11 100 21 4.09699e-05
12 11 100 21 0.000109751
14 11 100 21 0.245445
15 11 100 21 0.248337
16 11 100 21 0.124169
17 11 100 21 0.256287
18 11 100 21 0.12415
3 12 100 21 0.00720026
14 12 100 21 0.00504538
18 12 100 21 0.65852
19 12 100 21 0.329235
6 13 100 21 0.11127
11 13 100 21 0.02955
15 13 100 21 0.297962
17 13 100 21 0.00612468
19 13 100 21 0.332975
20 13 100 21 0.222119
3 14 100 21 0.208983
14 14 100 21 0.00172398
15 14 100 21 0.140521
20 14 100 21 0.432513
21 14 100 21 0.216258
16 15 100 21 0.497608
21 15 100 21 0.502392
16 16 100 21 0.0121644
17 16 100 21 0.987836
16 17 100 21 0.00354518
17 17 100 21 0.498227
18 17 100 21 0.498227
17 18 100 21 0.0154004
18 18 100 21 0.4923
19 18 100 21 0.4923
19 19 100 21 0.333509
20 19 100 21 0.666491
20 20 100 21 0.000667354
21 20 100 21 0.999333
13 21 100 21 1
11 0 100 22 0.0229241
17 0 100 22 0.976089
21 0 100 22 0.000986888
1 1 100 22 0.989418
11 1 100 22 0.0105819
2 2 100 22 1
3 3 100 22 1
3 4 100 22 0.167074
5 4 100 22 0.832912
10 4 100 22 1.36772e-05
4 5 100 22 0.66653
6 5 100 22 0.333265
7 5 100 22 0.000205032
5 6 100 22 0.333402
7 6 100 22 0.333197
9 6 100 22 0.333402
6 7 100 22 0.250001
8 7 100 22 0.250001
10 7 100 22 0.249997
11 7 100 22 0.250001
7 8 100 22 0.5
12 8 100 22 0.5
8 9 100 22 0.5
13 9 100 22 0.5
9 10 100 22 0.25
14 10 100 22 0.25
16 10 100 22 0.25
21 10 100 22 0.25
1 11 100 22 0.25
10 11 100 22 0.25
15 11 100 22 0.25
18 11 100 22 0.25
12 12 100 22 0.5
19 12 100 22 0.5
13 13 100 22 0.333701
20 13 100 22 0.333701
21 13 100 22 0.332598
14 14 100 22 0.499427
21 14 100 22 0.00114516
22 14 100 22 0.499427
15 15 100 22 1
16 16 100 22 1
17 17 100 22 1
18 18 100 22 1
19 19 100 22 1
20 20 100 22 1
22 21 100 22 1
11 22 100 22 1
22 0 100 23 1
1 1 100 23 1
2 2 100 23 1
3 3 100 23 1
5 4 100 23 0.499997
6 4 100 23 0.499997
14 4 100 23 5.81048e-06
7 5 100 23 1
8 6 100 23 0.5
9 6 100 23 0.5
10 7 100 23 1
11 8 100 23 0.5
12 8 100 23 0.5
4 9 100 23 0.5
13 9 100 23 0.5
15 10 100 23 1
16 11 100 23 1
14 12 100 23 0.333104
17 12 100 23 0.333108
18 12 100 23 0.333108
19 12 100 23 0.000679824
20 13 100 23 1
19 14 100 23 0.499487
21 14 100 23 0.500513
22 15 100 23 1
23 16 100 23 1
6 0 100 24 0.000493763
10 0 100 24 7.70174e-05
11 0 100 24 0.263902
15 0 100 24 0.000886671
19 0 100 24 0.73464
1 1 100 24 0.4
2 1 100 24 0.4
3 1 100 24 0.2
4 2 100 24 0.405122
5 2 100 24 0.405122
6 2 100 24 0.189756
3 3 100 24 0.333333
6 3 100 24 0.333333
7 3 100 24 0.333333
6 4 100 24 0.0303191
8 4 100 24 0.969681
7 5 100 24 0.2
9 5 100 24 0.4
10 5 100 24 0.2
11 5 100 24 0.2
12 6 100 24 1
10 7 100 24 0.499974
13 7 100 24 0.500026
13 8 100 24 0.333333
14 8 100 24 0.333333
16 8 100 24 0.333333
14 9 100 24 0.200048
15 9 100 24 0.399855
17 9 100 24 0.400097
16 10 100 24 0.333335
18 10 100 24 0.666665
18 11 100 24 5.94914e-06
20 11 100 24 0.666663
21 11 100 24 0.333331
19 12 100 24 0.25
21 12 100 24 0.25
22 12 100 24 0.5
11 13 100 24 0.0978171
23 13 100 24 0.902183
11 14 100 24 0.174407
23 14 100 24 0.00569411
24 14 100 24 0.819899
3 0 100 26 1
2 1 100 26 0.364042
3 1 100 26 0.635958
1 2 100 26 0.424393
2 2 100 26 0.325629
3 2 100 26 0.249978
4 3 100 26 1
5 4 100 26 0.999821
6 4 100 26 0.000179143
7 5 100 26 1
11 6 100 26 1
8 7 100 26 1
9 8 100 26 1
12 9 100 26 1
13 10 100 26 1
14 11 100 26 0.333333
15 11 100 26 0.333333
16 11 100 26 0.333333
10 12 100 26 0.000192346
17 12 100 26 0.999808
18 13 100 26 0.5
19 13 100 26 0.5
20 14 100 26 1
21 15 100 26 0.993398
24 15 100 26 0.00660188
6 16 100 26 0.00192541
10 16 100 26 0.00360267
17 16 100 26 0.000173308
22 16 100 26 0.994299
23 17 100 26 1
21 18 100 26 0.00691357
24 18 100 26 0.993086
10 19 100 26 0.498149
17 19 100 26 0.000866381
22 19 100 26 0.000931293
25 19 100 26 0.500053
26 20 100 26 1
3 21 100 26 3.41448e-05
6 21 100 26 0.999966
3 0 100 27 0.955859
6 0 100 27 0.0420586
26 0 100 27 0.00208229
2 1 100 27 1
1 2 100 27 1
2 3 100 27 0.00935927
4 3 100 27 0.990641
3 4 100 27 0.0677293
5 4 100 27 0.475098
6 4 100 27 0.457172
7 5 100 27 1
8 6 100 27 1
9 7 100 27 1
11 8 100 27 1
12 9 100 27 1
10 10 100 27 0.333333
13 10 100 27 0.333333
15 10 100 27 0.333333
14 11 100 27 0.5
16 11 100 27 0.5
17 12 100 27 1
18 13 100 27 0.5
19 13 100 27 0.5
20 14 100 27 1
21 15 100 27 1
22 16 100 27 1
23 17 100 27 1
24 18 100 27 1
25 19 100 27 0.500502
26 19 100 27 0.499498
26 20 100 27 0.00013649
27 20 100 27 0.999864
2 21 100 27 1
29 0 100 30 1
1 1 100 30 0.5
4 1 100 30 0.5
2 2 100 30 0.790398
14 2 100 30 0.209602
3 3 100 30 0.5
5 3 100 30 0.5
6 4 100 30 1
7 5 100 30 0.5
8 5 100 30 0.5
9 6 100 30 1
10 7 100 30 1
11 8 100 30 0.5
12 8 100 30 0.5
13 9 100 30 0.576431
14 9 100 30 0.423569
15 10 100 30 0.5
16 10 100 30 0.5
17 11 100 30 1
18 12 100 30 1
19 13 100 30 1
20 14 100 30 1
21 15 100 30 1
22 16 100 30 1
23 17 100 30 1
23 18 100 30 1
24 19 100 30 1
26 20 100 30 0.554466
27 20 100 30 0.445534
25 21 100 30 0.835796
27 21 100 30 0.164204
28 22 100 30 1
29 23 100 30 1
30 24 100 30 1
4 0 100 31 1
4 1 100 31 0.997482
19 1 100 31 0.00251815
5 2 100 31 1
2 3 100 31 0.998535
4 3 100 31 0.00146532
1 4 100 31 0.5
3 4 100 31 0.5
6 5 100 31 1
7 6 100 31 1
8 7 100 31 0.5
10 7 100 31 0.5
11 8 100 31 1
4 9 100 31 0.0553978
9 9 100 31 0.944602
12 10 100 31 1
13 11 100 31 0.5
15 11 100 31 0.5
14 12 100 31 0.154205
19 12 100 31 0.773228
21 12 100 31 0.0725667
16 13 100 31 1
14 14 100 31 1
17 15 100 31 1
18 16 100 31 0.344497
19 16 100 31 0.313873
21 16 100 31 0.341629
22 17 100 31 1
23 18 100 31 1
24 19 100 31 0.5
25 19 100 31 0.5
30 20 100 31 1
26 21 100 31 1
27 22 100 31 1
28 23 100 31 1
29 24 100 31 1
20 25 100 31 1
31 26 100 31 1
4 27 100 31 0.993057
9 27 100 31 0.00694264
3 0 100 35 0.908255
35 0 100 35 0.0917451
29 1 100 35 1
1 2 100 35 1
2 3 100 35 1
4 4 100 35 1
5 5 100 35 0.591991
29 5 100 35 0.408009
6 6 100 35 1
7 7 100 35 1
3 8 100 35 1
8 9 100 35 0.5
9 9 100 35 0.5
10 10 100 35 1
11 11 100 35 1
13 12 100 35 0.499994
14 12 100 35 0.500006
16 13 100 35 1
21 14 100 35 1
15 15 100 35 1
17 16 100 35 1
18 17 100 35 0.783606
29 17 100 35 0.216394
22 19 100 35 1
23 20 100 35 0.5
24 20 100 35 0.5
25 21 100 35 1
19 22 100 35 0.5
26 22 100 35 0.5
20 23 100 35 0.5
27 23 100 35 0.5
28 24 100 35 1
30 25 100 35 1
31 26 100 35 1
12 27 100 35 1
32 28 100 35 0.333333
33 28 100 35 0.333333
34 28 100 35 0.333333
35 29 100 35 1
3 30 100 35 0.00982097
13 30 100 35 0.00555738
15 30 100 35 0.952968
29 30 100 35 0.0316541
3 0 100 36 0.00041929
5 0 100 36 0.000146474
6 0 100 36 0.00160237
8 0 100 36 8.43145e-05
14 0 100 36 0.0001866
23 0 100 36 0.973959
25 0 100 36 0.0234181
28 0 100 36 0.000184263
2 1 100 36 0.883922
4 1 100 36 0.00300884
18 1 100 36 0.111458
24 1 100 36 0.00161142
1 2 100 36 0.332575
4 2 100 36 0.664017
24 2 100 36 0.00340793
2 3 100 36 0.500038
5 3 100 36 0.499962
1 4 100 36 0.333333
3 4 100 36 0.333333
6 4 100 36 0.333333
5 5 100 36 0.333343
7 5 100 36 0.333343
8 5 100 36 0.333314
7 6 100 36 0.5
9 6 100 36 0.5
8 7 100 36 0.333333
10 7 100 36 0.333333
13 7 100 36 0.333333
3 8 100 36 0.249932
10 8 100 36 0.250039
11 8 100 36 0.250038
14 8 100 36 0.249991
9 9 100 36 0.25
11 9 100 36 0.25
12 9 100 36 0.25
15 9 100 36 0.25
12 10 100 36 0.333333
13 10 100 36 0.333333
16 10 100 36 0.333333
15 11 100 36 0.5
17 11 100 36 0.5
14 12 100 36 0.333333
16 12 100 36 0.333333
18 12 100 36 0.333333
6 13 100 36 0.140839
17 13 100 36 0.347964
18 13 100 36 0.163233
19 13 100 36 0.347964
19 14 100 36 0.333333
20 14 100 36 0.666667
27 15 100 36 1
21 16 100 36 1
22 17 100 36 1
23 18 100 36 0.251676
24 18 100 36 0.496649
26 18 100 36 0.251675
25 19 100 36 0.333333
26 19 100 36 0.333333
27 19 100 36 0.333333
6 20 100 36 6.69168e-05
28 20 100 36 0.333312
29 20 100 36 0.333311
30 20 100 36 0.33331
29 21 100 36 0.5
31 21 100 36 0.5
30 22 100 36 0.5
32 22 100 36 0.5
28 23 100 36 0.333291
31 23 100 36 0.333354
32 23 100 36 0.333354
6 24 100 36 0.285473
18 24 100 36 0.205877
33 24 100 36 0.508649
33 25 100 36 0.25
34 25 100 36 0.5
35 25 100 36 0.25
35 26 100 36 0.5
36 26 100 36 0.5
6 27 100 36 0.0307266
18 27 100 36 3.92852e-05
24 27 100 36 0.0139008
36 27 100 36 0.955333
25 28 100 36 1
3 0 100 38 0.00323177
6 0 100 38 0.0090174
10 0 100 38 6.01526e-05
17 0 100 38 0.00150031
24 0 100 38 0.98619
1 1 100 38 1
2 2 100 38 1
4 3 100 38 0.334342
5 3 100 38 0.334342
6 3 100 38 0.331316
7 4 100 38 1
8 5 100 38 1
13 6 100 38 1
9 7 100 38 1
3 8 100 38 0.332618
10 8 100 38 0.333681
11 8 100 38 0.333701
14 9 100 38 1
30 10 100 38 1
15 11 100 38 1
16 12 100 38 0.5
18 12 100 38 0.5
12 13 100 38 0.148353
17 13 100 38 0.344132
19 13 100 38 0.159409
20 13 100 38 0.344652
24 13 100 38 0.00345369
21 14 100 38 1
12 15 100 38 0.270312
19 15 100 38 0.255087
22 15 100 38 0.474601
23 16 100 38 1
25 17 100 38 1
26 18 100 38 1
27 19 100 38 1
28 20 100 38 1
29 21 100 38 1
31 22 100 38 1
32 23 100 38 1
33 24 100 38 1
34 25 100 38 1
35 26 100 38 1
36 27 100 38 1
37 28 100 38 1
38 29 100 38 1
20 0 100 44 0.466109
24 0 100 44 0.073495
34 0 100 44 0.459447
43 0 100 44 0.000948812
10 1 100 44 1
3 2 100 44 1
1 3 100 44 1
10 4 100 44 1
2 5 100 44 1
4 6 100 44 0.5
5 6 100 44 0.5
6 7 100 44 1
18 8 100 44 0.610118
41 8 100 44 0.389882
7 9 100 44 1
8 10 100 44 1
9 11 100 44 1
11 12 100 44 1
12 13 100 44 1
13 14 100 44 0.998034
41 14 100 44 0.00196609
15 15 100 44 1
18 16 100 44 0.390665
22 16 100 44 0.00152123
41 16 100 44 0.607814
19 17 100 44 1
21 18 100 44 1
22 19 100 44 0.998482
41 19 100 44 0.00151835
23 20 100 44 1
15 21 100 44 0.5
29 21 100 44 0.5
29 22 100 44 0.5
40 22 100 44 0.5
16 23 100 44 0.5
30 23 100 44 0.5
17 24 100 44 0.5
31 24 100 44 0.5
32 25 100 44 1
33 26 100 44 1
35 27 100 44 1
36 28 100 44 1
25 29 100 44 0.333333
26 29 100 44 0.333333
37 29 100 44 0.333333
27 30 100 44 0.333333
39 30 100 44 0.333333
42 30 100 44 0.333333
14 31 100 44 0.259386
20 31 100 44 0.000167921
24 31 100 44 0.218406
28 31 100 44 0.259386
34 31 100 44 0.00384544
43 31 100 44 0.258809
43 32 100 44 0.000195311
44 32 100 44 0.999805
20 33 100 44 0.00157784
24 33 100 44 0.000660449
34 33 100 44 0.00166088
38 33 100 44 0.996101
