1 1 5 100 1
0 2 5 100 3.44749e-05
1 2 5 100 0.999966
2 3 5 100 0.999877
4 3 5 100 0.000122533
2 4 5 100 0.8
3 4 5 100 0.2
0 5 5 100 2.5628e-06
3 5 5 100 0.8
4 5 5 100 0.199982
5 5 5 100 1.57236e-05
0 6 5 100 7.32117e-06
3 6 5 100 0.4
4 6 5 100 0.2
5 6 5 100 0.399992
0 7 5 100 0.0202713
4 7 5 100 0.729729
5 7 5 100 0.25
2 8 5 100 0.333334
3 8 5 100 0.333334
5 8 5 100 0.333333
0 9 5 100 0.00349614
4 9 5 100 0.762521
5 9 5 100 0.233983
5 10 5 100 1
1 1 6 100 0.751498
2 1 6 100 0.248502
2 2 6 100 1
0 3 6 100 0.00025124
3 3 6 100 0.749749
4 3 6 100 0.25
3 4 6 100 0.749992
4 4 6 100 0.250008
3 5 6 100 0.25
4 5 6 100 0.75
0 6 6 100 0.00630004
5 6 6 100 0.993661
6 6 6 100 3.86345e-05
4 7 6 100 0.25
5 7 6 100 0.25
6 7 6 100 0.5
5 8 6 100 1
0 9 6 100 0.001198
5 9 6 100 0.49747
6 9 6 100 0.501332
0 10 6 100 1.8175e-05
6 10 6 100 0.999982
1 1 7 100 1
2 2 7 100 1
3 3 7 100 0.874952
4 3 7 100 0.125048
0 4 7 100 0.000198554
3 4 7 100 0.374801
4 4 7 100 0.625
4 5 7 100 0.625014
5 5 7 100 0.374986
3 6 7 100 0.25
5 6 7 100 0.75
0 7 7 100 5.09905e-06
4 7 7 100 0.125
5 7 7 100 0.625
6 7 7 100 0.249976
7 7 7 100 1.91761e-05
0 8 7 100 2.5282e-06
3 8 7 100 0.375
6 8 7 100 0.374979
7 8 7 100 0.250019
0 9 7 100 4.14553e-06
4 9 7 100 0.166667
6 9 7 100 0.16665
7 9 7 100 0.666678
5 10 7 100 0.500001
7 10 7 100 0.499999
0 11 7 100 0.000297675
6 11 7 100 0.999327
7 11 7 100 0.000374943
7 12 7 100 1
1 1 8 100 1
0 2 8 100 3.19178e-06
1 2 8 100 0.181788
2 2 8 100 0.818179
7 2 8 100 3.05022e-05
0 3 8 100 0.000820845
1 3 8 100 0.181818
2 3 8 100 0.0908822
3 3 8 100 0.635564
4 3 8 100 0.0909152
0 4 8 100 0.0007394
2 4 8 100 0.363652
3 4 8 100 0.0909024
4 4 8 100 0.544706
0 5 8 100 3.11682e-05
3 5 8 100 0.454545
4 5 8 100 0.181787
5 5 8 100 0.353163
6 5 8 100 0.0104734
0 6 8 100 7.62736e-05
4 6 8 100 0.181818
5 6 8 100 0.738251
6 6 8 100 0.079854
0 7 8 100 0.0909091
4 7 8 100 0.0909091
5 7 8 100 0.0104296
6 7 8 100 0.806077
7 7 8 100 0.00167475
4 8 8 100 0.0909091
5 8 8 100 0.181821
6 8 8 100 0.262702
7 8 8 100 0.464561
8 8 8 100 6.07705e-06
0 9 8 100 7.789e-05
3 9 8 100 7.1874e-06
5 9 8 100 0.0909091
6 9 8 100 0.363629
7 9 8 100 0.363527
8 9 8 100 0.181849
5 10 8 100 0.222223
6 10 8 100 0.111111
7 10 8 100 0.333334
8 10 8 100 0.333332
0 11 8 100 0.00220642
6 11 8 100 0.333334
7 11 8 100 0.166667
8 11 8 100 0.497793
0 12 8 100 0.00523985
7 12 8 100 0.749981
8 12 8 100 0.244779
0 13 8 100 0.00382683
8 13 8 100 0.996173
0 14 8 100 0.028257
8 14 8 100 0.971743
1 1 9 100 1
1 2 9 100 0.142857
2 2 9 100 0.714286
5 2 9 100 0.142857
0 3 9 100 2.76267e-05
1 3 9 100 0.000943242
2 3 9 100 0.142857
3 3 9 100 0.714284
5 3 9 100 0.141888
0 4 9 100 0.0188035
2 4 9 100 0.142857
3 4 9 100 0.142857
4 4 9 100 0.552625
5 4 9 100 0.142857
3 5 9 100 0.142857
4 5 9 100 0.713864
5 5 9 100 0.143279
4 6 9 100 0.142857
5 6 9 100 0.857143
0 7 9 100 0.000201894
6 7 9 100 0.999798
0 8 9 100 0.000918315
3 8 9 100 7.71895e-06
7 8 9 100 0.999074
0 9 9 100 6.92439e-06
5 9 9 100 0.285714
6 9 9 100 0.285714
7 9 9 100 0.142857
8 9 9 100 0.285686
9 9 9 100 2.16123e-05
0 10 9 100 0.00209314
6 10 9 100 0.285715
7 10 9 100 0.426338
8 10 9 100 0.000140721
9 10 9 100 0.285714
7 11 9 100 0.6
8 11 9 100 0.4
0 12 9 100 0.000233768
6 12 9 100 0.199965
7 12 9 100 0.2
8 12 9 100 0.396849
9 12 9 100 0.202953
7 13 9 100 0.250001
8 13 9 100 0.250001
9 13 9 100 0.499999
0 14 9 100 2.55051e-05
8 14 9 100 0.499943
9 14 9 100 0.500031
9 15 9 100 1
1 1 10 100 0.916671
2 1 10 100 0.0833291
0 2 10 100 0.00259731
1 2 10 100 0.0833305
2 2 10 100 0.914069
6 2 10 100 3.43887e-06
0 3 10 100 0.0003318
2 3 10 100 0.416606
3 3 10 100 0.499729
4 3 10 100 0.0833333
2 4 10 100 0.0833333
3 4 10 100 0.583333
4 4 10 100 0.333326
10 4 10 100 7.18271e-06
3 5 10 100 0.333333
4 5 10 100 0.416667
5 5 10 100 0.25
0 6 10 100 0.0303874
3 6 10 100 0.0532443
4 6 10 100 0.583333
5 6 10 100 0.166368
6 6 10 100 0.166667
0 7 10 100 1.52919e-05
3 7 10 100 0.0833333
4 7 10 100 0.42537
5 7 10 100 0.241282
6 7 10 100 0.0833333
7 7 10 100 0.0833333
8 7 10 100 0.0833333
0 8 10 100 7.62004e-05
4 8 10 100 0.0833333
5 8 10 100 0.583257
6 8 10 100 0.333224
8 8 10 100 0.000109247
0 9 10 100 0.0316406
2 9 10 100 0.000105795
5 9 10 100 0.249951
6 9 10 100 0.218652
7 9 10 100 0.332987
8 9 10 100 0.166664
0 10 10 100 0.0826202
3 10 10 100 6.19281e-06
6 10 10 100 0.25
7 10 10 100 0.000826333
8 10 10 100 0.583157
9 10 10 100 0.08339
0 11 10 100 0.0909118
6 11 10 100 0.727273
7 11 10 100 0.0909091
9 11 10 100 0.0908997
10 11 10 100 6.80635e-06
0 12 10 100 7.58885e-05
1 12 10 100 9.35574e-07
7 12 10 100 0.813455
8 12 10 100 0.0955592
10 12 10 100 0.0909088
7 13 10 100 0.0999997
8 13 10 100 0.496585
9 13 10 100 0.403402
10 13 10 100 1.26453e-05
0 14 10 100 4.98067e-06
7 14 10 100 0.2
8 14 10 100 0.2
9 14 10 100 0.299981
10 14 10 100 0.300013
7 15 10 100 0.142857
8 15 10 100 0.285715
9 15 10 100 0.142857
10 15 10 100 0.428571
0 16 10 100 4.55169e-05
8 16 10 100 0.5
9 16 10 100 0.498677
10 16 10 100 0.0012779
6 17 10 100 0.25
8 17 10 100 0.25
10 17 10 100 0.499999
0 18 10 100 2.44697e-05
9 18 10 100 0.999952
10 18 10 100 2.3403e-05
0 19 10 100 0.0281646
10 19 10 100 0.971835
0 20 10 100 0.0395635
10 20 10 100 0.960437
1 1 11 100 1
0 2 11 100 0.0171314
1 2 11 100 0.111111
2 2 11 100 0.871565
3 2 11 100 0.000154869
7 2 11 100 3.52791e-05
9 2 11 100 2.12491e-06
0 3 11 100 0.00152839
2 3 11 100 0.817363
3 3 11 100 0.11346
10 3 11 100 0.0676472
11 3 11 100 1.53491e-06
0 4 11 100 1.22481e-06
3 4 11 100 0.666665
4 4 11 100 0.333333
0 5 11 100 1.01316e-05
3 5 11 100 0.111111
4 5 11 100 0.555545
5 5 11 100 0.333333
0 6 11 100 0.0749924
3 6 11 100 0.111111
4 6 11 100 0.147227
5 6 11 100 0.666658
6 6 11 100 2.48841e-06
10 6 11 100 8.53828e-06
0 7 11 100 0.000693164
2 7 11 100 1.72638e-06
4 7 11 100 0.332682
5 7 11 100 0.111075
6 7 11 100 0.444438
8 7 11 100 0.111111
6 8 11 100 0.668662
7 8 11 100 0.331338
2 9 11 100 2.00787e-06
5 9 11 100 0.111111
6 9 11 100 0.333333
7 9 11 100 0.555553
7 10 11 100 0.333334
8 10 11 100 0.666666
0 11 11 100 2.41434e-05
5 11 11 100 0.111111
8 11 11 100 0.666666
9 11 11 100 0.222198
0 12 11 100 0.000665504
2 12 11 100 3.60584e-06
7 12 11 100 3.0852e-05
9 12 11 100 0.88822
10 12 11 100 0.11108
0 13 11 100 3.75171e-06
8 13 11 100 0.444445
10 13 11 100 0.555535
11 13 11 100 1.63247e-05
8 14 11 100 0.333334
9 14 11 100 0.111111
10 14 11 100 0.111111
11 14 11 100 0.444443
0 15 11 100 2.85401e-06
6 15 11 100 0.2
9 15 11 100 0.599458
10 15 11 100 0.000541655
11 15 11 100 0.199997
0 16 11 100 0.00302688
4 16 11 100 2.7409e-06
7 16 11 100 0.25
10 16 11 100 0.496971
11 16 11 100 0.249999
0 17 11 100 0.000475708
9 17 11 100 0.333333
10 17 11 100 0.666146
11 17 11 100 4.54718e-05
5 18 11 100 1.732e-05
10 18 11 100 0.666651
11 18 11 100 0.333332
10 19 11 100 0.500001
11 19 11 100 0.499999
11 20 11 100 1
1 1 12 100 0.702298
2 1 12 100 0.297702
0 2 12 100 5.07472e-06
1 2 12 100 0.000180136
2 2 12 100 0.425586
3 2 12 100 0.574223
12 2 12 100 6.30495e-06
0 3 12 100 1.44607e-06
2 3 12 100 0.142857
3 3 12 100 0.285713
4 3 12 100 0.571429
3 4 12 100 0.285714
4 4 12 100 0.285714
5 4 12 100 0.428571
0 5 12 100 2.42979e-05
5 5 12 100 0.571404
6 5 12 100 0.285714
10 5 12 100 0.142857
0 6 12 100 0.142865
5 6 12 100 0.0205812
6 6 12 100 0.407975
7 6 12 100 0.285714
11 6 12 100 0.142857
12 6 12 100 7.45724e-06
6 7 12 100 0.428571
7 7 12 100 0.571429
0 8 12 100 0.000171574
5 8 12 100 4.72897e-06
6 8 12 100 0.142857
7 8 12 100 0.142688
8 8 12 100 0.714278
0 9 12 100 0.000585658
8 9 12 100 0.142902
9 9 12 100 0.713655
10 9 12 100 0.142857
0 10 12 100 0.000411393
5 10 12 100 0.142857
7 10 12 100 0.428572
8 10 12 100 0.285714
9 10 12 100 0.142446
6 11 12 100 0.142876
8 11 12 100 0.857124
0 12 12 100 0.000156809
7 12 12 100 0.142857
9 12 12 100 0.550272
10 12 12 100 0.163865
12 12 12 100 0.142849
6 13 12 100 6.55042e-06
7 13 12 100 0.166667
10 13 12 100 0.66666
11 13 12 100 0.166667
0 14 12 100 6.16132e-05
8 14 12 100 0.333334
11 14 12 100 0.665861
12 14 12 100 0.000743562
9 15 12 100 0.166667
10 15 12 100 0.333334
12 15 12 100 0.499999
11 16 12 100 1
11 17 12 100 1
0 18 12 100 8.79069e-06
11 18 12 100 0.5
12 18 12 100 0.499991
0 19 12 100 0.00707991
12 19 12 100 0.99292
0 20 12 100 0.0180973
12 20 12 100 0.981903
1 1 13 100 0.75
2 1 13 100 0.25
2 2 13 100 0.716883
3 2 13 100 0.283117
0 3 13 100 0.0228638
2 3 13 100 0.25
3 3 13 100 0.477136
4 3 13 100 0.25
2 4 13 100 0.124999
3 4 13 100 0.249991
4 4 13 100 0.500009
5 4 13 100 0.125
0 5 13 100 3.3584e-06
3 5 13 100 0.125
4 5 13 100 0.25
5 5 13 100 0.624997
4 6 13 100 0.25
5 6 13 100 0.25
6 6 13 100 0.5
0 7 13 100 2.83408e-05
1 7 13 100 0.000280799
5 7 13 100 0.375
6 7 13 100 0.108953
7 7 13 100 0.124691
8 7 13 100 0.375
10 7 13 100 6.42925e-05
13 7 13 100 0.0159828
5 8 13 100 0.124999
6 8 13 100 0.500001
7 8 13 100 0.125
9 8 13 100 0.25
0 9 13 100 3.67875e-05
3 9 13 100 1.92009e-06
7 9 13 100 0.499961
8 9 13 100 0.5
7 10 13 100 0.375
9 10 13 100 0.625
4 11 13 100 9.79958e-06
7 11 13 100 6.37135e-05
8 11 13 100 0.50001
10 11 13 100 0.499916
0 12 13 100 0.125321
9 12 13 100 0.249693
10 12 13 100 0.499396
11 12 13 100 0.125591
0 13 13 100 7.13431e-05
6 13 13 100 0.125
8 13 13 100 0.125
10 13 13 100 0.125
11 13 13 100 0.5
12 13 13 100 0.124929
0 14 13 100 0.00916006
9 14 13 100 0.276554
10 14 13 100 0.285714
12 14 13 100 0.428571
0 15 13 100 1.37831e-05
9 15 13 100 0.285701
11 15 13 100 0.428571
12 15 13 100 0.285714
0 16 13 100 0.0022205
10 16 13 100 0.285715
12 16 13 100 0.56897
13 16 13 100 0.143095
0 17 13 100 0.00265129
4 17 13 100 6.7162e-06
10 17 13 100 0.166667
11 17 13 100 0.166667
13 17 13 100 0.664008
0 18 13 100 0.0122846
11 18 13 100 0.333333
12 18 13 100 0.333333
13 18 13 100 0.321049
4 19 13 100 1.07723e-05
12 19 13 100 0.999989
13 20 13 100 1
1 1 14 100 1
0 2 14 100 3.23515e-06
1 2 14 100 0.285714
2 2 14 100 0.571425
3 2 14 100 0.142857
0 3 14 100 0.036423
1 3 14 100 0.142857
3 3 14 100 0.820705
5 3 14 100 1.48867e-05
0 4 14 100 6.25228e-05
2 4 14 100 0.571429
4 4 14 100 0.285714
5 4 14 100 0.142795
2 5 14 100 0.285714
3 5 14 100 0.142857
4 5 14 100 0.142857
5 5 14 100 0.428571
0 6 14 100 0.00329314
2 6 14 100 0.138996
3 6 14 100 0.142857
4 6 14 100 0.143425
5 6 14 100 0.142857
6 6 14 100 0.428572
3 7 14 100 0.142857
4 7 14 100 0.143436
5 7 14 100 0.285297
6 7 14 100 0.42841
0 8 14 100 0.142586
4 8 14 100 0.285714
7 8 14 100 0.571429
11 8 14 100 0.000271094
5 9 14 100 0.285714
6 9 14 100 0.285714
7 9 14 100 7.26377e-05
8 9 14 100 0.428499
0 10 14 100 1.7807e-05
4 10 14 100 4.41014e-05
5 10 14 100 0.142857
7 10 14 100 0.428509
9 10 14 100 0.428572
0 11 14 100 0.145774
1 11 14 100 3.04579e-06
5 11 14 100 0.142875
7 11 14 100 0.285714
9 11 14 100 0.142857
10 11 14 100 0.282446
13 11 14 100 0.000128294
14 11 14 100 0.000202431
5 12 14 100 2.22443e-05
6 12 14 100 0.285714
8 12 14 100 0.285714
10 12 14 100 0.428549
0 13 14 100 0.142852
7 13 14 100 0.142857
8 13 14 100 0.142857
9 13 14 100 0.428571
10 13 14 100 5.42168e-06
11 13 14 100 0.142857
8 14 14 100 0.142857
9 14 14 100 0.142857
10 14 14 100 0.571429
12 14 14 100 0.142857
0 15 14 100 5.68168e-06
9 15 14 100 0.285713
11 15 14 100 0.571429
13 15 14 100 0.142841
14 15 14 100 1.05887e-05
8 16 14 100 0.142857
10 16 14 100 0.428572
12 16 14 100 0.285714
14 16 14 100 0.142857
0 17 14 100 0.167626
9 17 14 100 0.333333
11 17 14 100 0.165712
13 17 14 100 0.333316
14 17 14 100 1.20345e-05
10 18 14 100 0.333326
11 18 14 100 0.333324
12 18 14 100 1.71543e-05
13 18 14 100 0.166667
14 18 14 100 0.166666
0 19 14 100 0.2
8 19 14 100 8.66067e-06
12 19 14 100 0.6
13 19 14 100 0.199991
0 20 14 100 2.07392e-06
11 20 14 100 0.400001
13 20 14 100 0.399988
14 20 14 100 0.200009
0 21 14 100 5.70757e-05
11 21 14 100 0.25
12 21 14 100 0.25
13 21 14 100 0.248739
14 21 14 100 0.251204
12 22 14 100 0.666667
14 22 14 100 0.333333
0 23 14 100 0.000385422
13 23 14 100 0.999579
14 23 14 100 3.56105e-05
0 24 14 100 0.000436997
14 24 14 100 0.999563
1 1 15 100 1
2 2 15 100 1
3 3 15 100 0.746238
4 3 15 100 0.253762
4 4 15 100 0.5
5 4 15 100 0.5
0 5 15 100 0.000250276
4 5 15 100 0.249729
5 5 15 100 0.500021
7 5 15 100 0.249396
8 5 15 100 0.000603861
0 6 15 100 0.00585106
2 6 15 100 6.80598e-06
5 6 15 100 0.739521
6 6 15 100 0.249993
9 6 15 100 0.00462847
5 7 15 100 0.500139
6 7 15 100 0.25
9 7 15 100 0.249861
0 8 15 100 0.00243743
3 8 15 100 3.99305e-06
6 8 15 100 0.5
7 8 15 100 0.247558
10 8 15 100 0.25
3 9 15 100 0.250168
7 9 15 100 0.499832
10 9 15 100 0.249932
11 9 15 100 6.80756e-05
3 10 15 100 0.499436
7 10 15 100 0.250564
11 10 15 100 0.249983
12 10 15 100 1.71716e-05
4 11 15 100 0.25
8 11 15 100 0.500002
12 11 15 100 0.249998
7 12 15 100 0.25
8 12 15 100 0.25
9 12 15 100 0.25
13 12 15 100 0.25
0 13 15 100 5.71961e-05
7 13 15 100 0.249943
9 13 15 100 0.5
14 13 15 100 0.25
0 14 15 100 0.000314652
8 14 15 100 0.25
10 14 15 100 0.25
11 14 15 100 0.25
14 14 15 100 0.249642
15 14 15 100 4.37101e-05
9 15 15 100 0.25
11 15 15 100 0.25
12 15 15 100 0.183832
13 15 15 100 0.0661683
15 15 15 100 0.249999
10 16 15 100 0.333333
11 16 15 100 0.333333
14 16 15 100 0.333315
15 16 15 100 1.81169e-05
1 17 15 100 6.75511e-05
6 17 15 100 0.000583016
11 17 15 100 0.663456
13 17 15 100 0.00256062
15 17 15 100 0.333332
12 18 15 100 1
13 19 15 100 1
0 20 15 100 2.60633e-05
14 20 15 100 0.999938
15 20 15 100 3.59869e-05
0 21 15 100 5.12184e-06
15 21 15 100 0.999995
1 1 16 100 0.5
2 1 16 100 0.5
2 2 16 100 0.5
3 2 16 100 0.5
0 3 16 100 0.000476563
3 3 16 100 0.999523
4 4 16 100 0.5
9 4 16 100 0.5
4 5 16 100 0.5
5 5 16 100 0.5
4 6 16 100 0.5
6 6 16 100 0.5
5 7 16 100 0.5
7 7 16 100 0.5
6 8 16 100 0.5
8 8 16 100 0.5
6 9 16 100 0.5
9 9 16 100 0.5
7 10 16 100 0.5
10 10 16 100 0.5
8 11 16 100 0.5
11 11 16 100 0.5
8 12 16 100 0.5
11 12 16 100 0.5
9 13 16 100 0.5
12 13 16 100 0.5
4 14 16 100 1.52682e-05
12 14 16 100 0.999985
10 15 16 100 0.5
13 15 16 100 0.5
0 16 16 100 3.33307e-05
11 16 16 100 0.5
14 16 16 100 0.49993
15 16 16 100 3.70089e-05
12 17 16 100 0.500001
15 17 16 100 0.499999
12 18 16 100 1
8 19 16 100 0.0084946
12 19 16 100 3.21948e-05
14 19 16 100 0.991473
13 20 16 100 1
4 21 16 100 2.51952e-05
14 21 16 100 0.999975
0 22 16 100 5.5947e-05
15 22 16 100 0.999871
16 22 16 100 7.275e-05
16 23 16 100 1
1 1 17 100 0.5
2 1 17 100 0.5
2 2 17 100 0.5
3 2 17 100 0.5
3 3 17 100 0.496167
4 3 17 100 0.503833
4 4 17 100 0.5
5 4 17 100 0.5
5 5 17 100 0.75
7 5 17 100 0.243284
8 5 17 100 0.00671541
6 6 17 100 0.75
8 6 17 100 0.000110915
9 6 17 100 0.249889
7 7 17 100 0.5
12 7 17 100 0.5
0 8 17 100 1.87989e-05
7 8 17 100 0.25
8 8 17 100 0.499981
10 8 17 100 0.25
7 9 17 100 0.244294
8 9 17 100 0.00570632
9 9 17 100 0.5
10 9 17 100 0.249886
11 9 17 100 0.000113283
0 10 17 100 3.37198e-06
8 10 17 100 0.249997
10 10 17 100 0.5
11 10 17 100 0.25
9 11 17 100 0.25
11 11 17 100 0.5
12 11 17 100 0.25
10 12 17 100 0.5
11 12 17 100 0.25
13 12 17 100 0.25
12 13 17 100 0.5
14 13 17 100 0.25
17 13 17 100 0.25
13 14 17 100 0.25
14 14 17 100 0.75
13 15 17 100 0.250003
14 15 17 100 0.249997
15 15 17 100 0.5
13 16 17 100 0.5
15 16 17 100 0.5
11 17 17 100 0.500001
14 17 17 100 0.25
16 17 17 100 0.249981
17 17 17 100 1.76788e-05
0 18 17 100 3.66089e-05
3 18 17 100 0.500001
16 18 17 100 0.249945
17 18 17 100 0.250018
3 19 17 100 0.333335
16 19 17 100 0.333333
17 19 17 100 0.333333
16 20 17 100 1
1 1 20 100 1
2 2 20 100 1
12 3 20 100 0.000726714
14 3 20 100 0.999273
3 4 20 100 1
5 5 20 100 1
8 6 20 100 1
4 7 20 100 1
6 8 20 100 1
6 9 20 100 1
7 10 20 100 1
8 11 20 100 1
9 12 20 100 1
10 13 20 100 1
11 14 20 100 0.984416
12 14 20 100 0.0155839
13 15 20 100 1
15 16 20 100 0.9891
16 16 20 100 0.0109004
16 17 20 100 1
17 18 20 100 1
18 19 20 100 1
0 20 20 100 5.18553e-05
19 20 20 100 0.999877
20 20 20 100 7.15993e-05
20 21 20 100 1
1 1 21 100 0.0226358
2 1 21 100 0.977364
1 2 21 100 0.165191
2 2 21 100 0.62559
3 2 21 100 7.68344e-05
21 2 21 100 0.209142
0 3 21 100 0.349389
1 3 21 100 0.000136707
2 3 21 100 0.317125
4 3 21 100 0.33335
0 4 21 100 0.000264993
3 4 21 100 0.999735
4 5 21 100 0.666667
5 5 21 100 0.333333
0 6 21 100 7.01429e-05
1 6 21 100 0.000139763
4 6 21 100 0.338272
6 6 21 100 0.333334
21 6 21 100 0.328184
5 7 21 100 0.666667
7 7 21 100 0.333333
6 8 21 100 0.333333
7 8 21 100 0.666667
0 9 21 100 3.38618e-05
7 9 21 100 0.333333
8 9 21 100 0.333333
9 9 21 100 0.333299
10 10 21 100 0.666667
19 10 21 100 0.333333
6 11 21 100 0.333333
8 11 21 100 0.666667
7 12 21 100 0.333333
9 12 21 100 0.666667
10 13 21 100 0.666683
21 13 21 100 0.333317
11 14 21 100 1
0 15 21 100 0.00350853
3 15 21 100 2.69239e-05
10 15 21 100 0.333333
11 15 21 100 0.333333
13 15 21 100 0.150599
14 15 21 100 0.179199
11 16 21 100 0.666666
15 16 21 100 0.332508
17 16 21 100 0.00082618
12 17 21 100 0.666667
17 17 21 100 0.333333
13 18 21 100 0.666667
18 18 21 100 0.333333
13 19 21 100 0.666667
19 19 21 100 0.333333
0 20 21 100 7.8762e-05
14 20 21 100 0.666667
19 20 21 100 0.332505
20 20 21 100 0.000749764
15 21 21 100 0.666667
20 21 21 100 0.333333
16 22 21 100 1
17 23 21 100 1
18 24 21 100 1
19 25 21 100 1
0 26 21 100 1.85795e-05
19 26 21 100 0.496712
20 26 21 100 0.50327
20 27 21 100 1
11 1 22 100 1
2 2 22 100 1
3 3 22 100 0.998231
4 3 22 100 0.00176887
5 4 22 100 1
6 5 22 100 1
7 6 22 100 1
8 7 22 100 1
9 8 22 100 1
10 9 22 100 1
11 10 22 100 1
0 11 22 100 0.029794
1 11 22 100 0.000467264
22 11 22 100 0.969739
12 12 22 100 1
13 13 22 100 1
14 14 22 100 1
15 15 22 100 1
16 16 22 100 1
17 17 22 100 1
18 18 22 100 1
19 19 22 100 1
20 20 22 100 1
10 21 22 100 1
21 22 22 100 1
1 1 24 100 1
2 2 24 100 1
3 3 24 100 1
1 4 24 100 1
3 5 24 100 1
4 6 24 100 1
5 7 24 100 1
5 8 24 100 1
6 9 24 100 1
7 10 24 100 1
8 11 24 100 1
8 12 24 100 1
9 13 24 100 1
2 14 24 100 0.000272543
9 14 24 100 0.999727
10 15 24 100 1
10 16 24 100 1
11 17 24 100 1
12 18 24 100 1
13 19 24 100 1
14 20 24 100 1
15 21 24 100 1
16 22 24 100 1
17 23 24 100 1
19 24 24 100 1
21 25 24 100 1
20 26 24 100 1
21 27 24 100 1
22 28 24 100 1
0 29 24 100 7.76165e-05
23 29 24 100 0.999849
24 29 24 100 7.3063e-05
24 30 24 100 1
4 1 27 100 1
3 2 27 100 1
4 3 27 100 1
0 4 27 100 0.00564195
1 4 27 100 0.215959
2 4 27 100 0.494784
3 4 27 100 1.38133e-05
27 4 27 100 0.283601
2 5 27 100 0.499992
5 5 27 100 0.5
26 5 27 100 7.80564e-06
0 6 27 100 5.90892e-05
5 6 27 100 0.5
24 6 27 100 0.49993
27 6 27 100 1.06635e-05
6 7 27 100 1
7 8 27 100 1
0 9 27 100 4.78723e-05
9 9 27 100 0.99991
27 9 27 100 4.25733e-05
7 10 27 100 0.5
8 10 27 100 0.5
8 11 27 100 0.5
9 11 27 100 0.5
10 12 27 100 1
10 13 27 100 0.5
11 13 27 100 0.5
12 14 27 100 0.500133
14 14 27 100 0.499867
11 15 27 100 1
12 16 27 100 0.5
13 16 27 100 0.5
13 17 27 100 0.5
15 17 27 100 0.5
0 18 27 100 0.000171049
13 18 27 100 0.499798
16 18 27 100 0.5
27 18 27 100 3.0942e-05
1 19 27 100 1.56171e-05
12 19 27 100 0.000143353
14 19 27 100 0.5
16 19 27 100 0.499841
14 20 27 100 0.5
25 20 27 100 0.5
16 21 27 100 1
17 22 27 100 1
18 23 27 100 1
1 24 27 100 0.00917836
2 24 27 100 2.08161e-05
16 24 27 100 5.8769e-06
18 24 27 100 0.485811
19 24 27 100 0.5
27 24 27 100 0.00498383
19 25 27 100 1
18 26 27 100 0.499912
21 26 27 100 0.500001
27 26 27 100 8.76328e-05
19 27 27 100 0.5
22 27 27 100 0.5
0 28 27 100 0.000373556
23 28 27 100 0.999626
20 29 27 100 0.5
24 29 27 100 0.5
20 30 27 100 1
0 31 27 100 0.49998
14 31 27 100 1.97964e-05
21 31 27 100 0.5
22 32 27 100 1
25 33 27 100 1
25 34 27 100 1
25 35 27 100 1
0 36 27 100 3.58258e-05
26 36 27 100 0.999964
2 1 28 100 1
1 2 28 100 1
0 3 28 100 0.00394646
8 3 28 100 0.996054
2 4 28 100 1
0 5 28 100 0.00367928
3 5 28 100 0.996321
4 6 28 100 1
5 7 28 100 1
0 8 28 100 2.22601e-05
5 8 28 100 0.999978
6 9 28 100 1
7 10 28 100 1
0 11 28 100 0.000536886
8 11 28 100 0.999463
9 12 28 100 1
7 13 28 100 1
0 14 28 100 0.00391289
8 14 28 100 0.996087
9 15 28 100 1
10 16 28 100 1
11 17 28 100 1
12 18 28 100 1
13 19 28 100 1
14 20 28 100 1
16 21 28 100 1
17 22 28 100 1
0 23 28 100 0.995555
8 23 28 100 0.00444483
18 24 28 100 1
0 25 28 100 0.0228099
3 25 28 100 2.21064e-05
28 25 28 100 0.977168
19 26 28 100 1
15 27 28 100 1
20 28 28 100 1
21 29 28 100 1
22 30 28 100 1
23 31 28 100 1
23 32 28 100 1
24 33 28 100 1
25 34 28 100 1
26 35 28 100 1
27 36 28 100 1
1 1 29 100 1
2 2 29 100 1
0 3 29 100 0.0102799
8 3 29 100 0.98972
3 4 29 100 1
3 5 29 100 1
0 6 29 100 0.0387161
3 6 29 100 0.961284
4 7 29 100 1
5 8 29 100 1
7 9 29 100 1
0 10 29 100 8.07361e-05
8 10 29 100 0.999919
8 11 29 100 1
15 12 29 100 1
6 13 29 100 1
9 14 29 100 1
11 15 29 100 1
12 16 29 100 1
0 17 29 100 0.00430953
13 17 29 100 0.99569
12 18 29 100 1
13 19 29 100 0.999964
15 19 29 100 3.55978e-05
13 20 29 100 1
14 21 29 100 1
15 22 29 100 1
16 23 29 100 1
0 24 29 100 0.992579
8 24 29 100 0.00640873
13 24 29 100 0.00101189
17 25 29 100 1
18 26 29 100 1
19 27 29 100 1
20 28 29 100 1
21 29 29 100 1
10 30 29 100 1
22 31 29 100 1
23 32 29 100 1
24 33 29 100 1
25 34 29 100 1
26 35 29 100 1
27 36 29 100 1
0 37 29 100 4.32434e-05
28 37 29 100 0.999888
29 37 29 100 6.89443e-05
29 38 29 100 1
2 1 30 100 1
3 2 30 100 1
0 3 30 100 0.000417133
8 3 30 100 0.999503
30 3 30 100 7.96471e-05
4 4 30 100 1
5 5 30 100 1
6 6 30 100 1
7 7 30 100 1
9 8 30 100 1
9 9 30 100 1
10 10 30 100 1
11 11 30 100 1
27 12 30 100 1
12 13 30 100 1
12 14 30 100 1
15 15 30 100 0.999728
30 15 30 100 0.000271875
13 16 30 100 1
16 17 30 100 1
17 18 30 100 1
22 19 30 100 1
23 20 30 100 1
14 21 30 100 1
19 22 30 100 1
20 23 30 100 1
20 24 30 100 1
21 25 30 100 1
22 26 30 100 1
23 27 30 100 1
24 28 30 100 1
1 29 30 100 0.499799
5 29 30 100 0.000409703
17 29 30 100 0.000301783
25 29 30 100 0.000516232
30 29 30 100 0.498973
25 30 30 100 1
26 31 30 100 1
28 32 30 100 1
28 33 30 100 1
28 34 30 100 1
0 35 30 100 4.21356e-05
29 35 30 100 0.999958
3 1 33 100 1
5 2 33 100 1
2 3 33 100 1
6 4 33 100 1
6 5 33 100 1
7 6 33 100 1
9 7 33 100 1
10 8 33 100 1
11 9 33 100 1
0 10 33 100 0.0005855
1 10 33 100 0.999415
12 11 33 100 1
13 12 33 100 1
14 13 33 100 1
31 14 33 100 1
22 15 33 100 1
23 16 33 100 1
24 17 33 100 1
16 18 33 100 1
17 19 33 100 1
0 20 33 100 2.20204e-05
4 20 33 100 0.999978
18 21 33 100 1
19 22 33 100 1
20 23 33 100 1
0 24 33 100 0.00104003
4 24 33 100 0.99896
29 25 33 100 1
29 26 33 100 1
30 27 33 100 1
31 28 33 100 1
22 29 33 100 1
23 30 33 100 1
24 31 33 100 1
25 32 33 100 1
26 33 33 100 1
0 34 33 100 0.0290354
4 34 33 100 0.970965
27 35 33 100 1
28 36 33 100 1
29 37 33 100 1
33 38 33 100 1
30 39 33 100 1
15 40 33 100 1
8 41 33 100 1
30 42 33 100 1
0 43 33 100 0.0532496
24 43 33 100 0.000108943
31 43 33 100 0.88754
32 43 33 100 0.0591015
32 44 33 100 1
