1 1 5 100 1
0 2 5 100 0.000347957
1 2 5 100 0.999643
3 2 5 100 9.02776e-06
2 3 5 100 0.996727
4 3 5 100 0.00327276
2 4 5 100 0.8
3 4 5 100 0.2
3 5 5 100 0.800001
4 5 5 100 0.199983
5 5 5 100 1.60297e-05
0 6 5 100 4.61155e-06
3 6 5 100 0.4
4 6 5 100 0.2
5 6 5 100 0.399995
0 7 5 100 0.00410576
4 7 5 100 0.745894
5 7 5 100 0.25
2 8 5 100 0.333334
3 8 5 100 0.333333
5 8 5 100 0.333333
0 9 5 100 0.000850868
4 9 5 100 0.994351
5 9 5 100 0.00479834
5 10 5 100 1
1 1 6 100 0.75113
2 1 6 100 0.24887
2 2 6 100 1
0 3 6 100 5.2702e-05
3 3 6 100 0.749947
4 3 6 100 0.25
3 4 6 100 0.749997
4 4 6 100 0.250003
3 5 6 100 0.25
4 5 6 100 0.75
0 6 6 100 0.000200016
5 6 6 100 0.99976
6 6 6 100 3.99856e-05
4 7 6 100 0.25
5 7 6 100 0.25
6 7 6 100 0.5
5 8 6 100 1
0 9 6 100 0.000294336
5 9 6 100 0.498046
6 9 6 100 0.501659
6 10 6 100 1
1 1 7 100 1
2 2 7 100 1
3 3 7 100 0.798643
4 3 7 100 0.201357
0 4 7 100 4.01851e-06
3 4 7 100 0.374996
4 4 7 100 0.625
0 5 7 100 5.48792e-06
4 5 7 100 0.624985
5 5 7 100 0.375009
3 6 7 100 0.25
5 6 7 100 0.75
0 7 7 100 2.76341e-06
4 7 7 100 0.125
5 7 7 100 0.625
6 7 7 100 0.249977
7 7 7 100 2.00379e-05
0 8 7 100 3.15812e-06
3 8 7 100 0.375
6 8 7 100 0.374977
7 8 7 100 0.25002
4 9 7 100 0.166667
6 9 7 100 0.166657
7 9 7 100 0.666675
5 10 7 100 0.5
7 10 7 100 0.5
0 11 7 100 7.96654e-05
6 11 7 100 0.999553
7 11 7 100 0.00036759
7 12 7 100 1
1 1 8 100 1
0 2 8 100 1.4006e-05
1 2 8 100 0.144305
2 2 8 100 0.818157
3 2 8 100 9.33582e-07
4 2 8 100 6.99851e-06
7 2 8 100 0.0375163
0 3 8 100 0.000227275
1 3 8 100 0.181818
2 3 8 100 0.0905524
3 3 8 100 0.636168
4 3 8 100 0.0912338
0 4 8 100 0.000198991
2 4 8 100 0.363656
3 4 8 100 0.0908988
4 4 8 100 0.545246
0 5 8 100 5.73143e-06
3 5 8 100 0.454545
4 5 8 100 0.181812
5 5 8 100 0.321896
6 5 8 100 0.0417401
0 6 8 100 1.67533e-05
1 6 8 100 9.22674e-07
4 6 8 100 0.181818
5 6 8 100 0.737696
6 6 8 100 0.0804684
0 7 8 100 0.0909091
4 7 8 100 0.0909092
5 7 8 100 0.0325699
6 7 8 100 0.778684
7 7 8 100 0.00692749
0 8 8 100 1.01631e-06
4 8 8 100 0.0909091
5 8 8 100 0.181818
6 8 8 100 0.243821
7 8 8 100 0.483444
8 8 8 100 6.44824e-06
0 9 8 100 7.04999e-05
3 9 8 100 1.37639e-06
5 9 8 100 0.0909091
6 9 8 100 0.363635
7 9 8 100 0.363168
8 9 8 100 0.182216
5 10 8 100 0.222222
6 10 8 100 0.111111
7 10 8 100 0.333334
8 10 8 100 0.333333
0 11 8 100 0.0158782
6 11 8 100 0.333334
7 11 8 100 0.166667
8 11 8 100 0.484121
0 12 8 100 0.00149468
7 12 8 100 0.749979
8 12 8 100 0.248526
0 13 8 100 0.0671003
8 13 8 100 0.9329
0 14 8 100 0.0126328
8 14 8 100 0.987367
1 1 9 100 1
1 2 9 100 0.142857
2 2 9 100 0.714286
5 2 9 100 0.142857
0 3 9 100 1.25327e-05
1 3 9 100 5.77877e-05
2 3 9 100 0.142857
3 3 9 100 0.714286
5 3 9 100 0.142787
0 4 9 100 0.00259051
2 4 9 100 0.142857
3 4 9 100 0.142857
4 4 9 100 0.568838
5 4 9 100 0.142857
3 5 9 100 0.142857
4 5 9 100 0.714034
5 5 9 100 0.143109
4 6 9 100 0.142857
5 6 9 100 0.857143
0 7 9 100 0.000333707
6 7 9 100 0.999666
0 8 9 100 0.000179596
3 8 9 100 0.000392178
7 8 9 100 0.999428
0 9 9 100 4.0605e-06
5 9 9 100 0.285714
6 9 9 100 0.285714
7 9 9 100 0.142857
8 9 9 100 0.285687
9 9 9 100 2.29004e-05
0 10 9 100 2.6941e-05
6 10 9 100 0.285714
7 10 9 100 0.39537
8 10 9 100 0.0331748
9 10 9 100 0.285714
7 11 9 100 0.6
8 11 9 100 0.4
0 12 9 100 0.000415624
6 12 9 100 0.199992
7 12 9 100 0.2
8 12 9 100 0.39787
9 12 9 100 0.201723
7 13 9 100 0.25
8 13 9 100 0.25
9 13 9 100 0.499999
0 14 9 100 1.08268e-05
8 14 9 100 0.499951
9 14 9 100 0.500039
9 15 9 100 1
1 1 10 100 0.916667
2 1 10 100 0.0833333
0 2 10 100 0.000488502
1 2 10 100 0.0833333
2 2 10 100 0.915978
6 2 10 100 0.000138043
8 2 10 100 6.25705e-05
0 3 10 100 0.0208215
2 3 10 100 0.416625
3 3 10 100 0.472111
4 3 10 100 0.0833333
5 3 10 100 0.00710271
7 3 10 100 6.97236e-06
1 4 10 100 1.79069e-06
2 4 10 100 0.0833333
3 4 10 100 0.583333
4 4 10 100 0.333171
10 4 10 100 0.000160093
3 5 10 100 0.333333
4 5 10 100 0.416667
5 5 10 100 0.249965
9 5 10 100 3.47366e-05
0 6 10 100 0.00146788
3 6 10 100 0.0818655
4 6 10 100 0.583333
5 6 10 100 0.166667
6 6 10 100 0.166667
0 7 10 100 1.25819e-06
3 7 10 100 0.0833333
4 7 10 100 0.435236
5 7 10 100 0.23143
6 7 10 100 0.0833333
7 7 10 100 0.0833333
8 7 10 100 0.0833333
2 8 10 100 1.18186e-06
4 8 10 100 0.0833333
5 8 10 100 0.583333
6 8 10 100 0.32902
8 8 10 100 0.00431172
0 9 10 100 0.00260462
2 9 10 100 3.9855e-05
5 9 10 100 0.248026
6 9 10 100 0.249411
7 9 10 100 0.333253
8 9 10 100 0.166665
0 10 10 100 0.0761662
3 10 10 100 2.69793e-06
6 10 10 100 0.25
7 10 10 100 0.00719902
8 10 10 100 0.583107
9 10 10 100 0.0835252
0 11 10 100 0.0909103
6 11 10 100 0.727272
7 11 10 100 0.0909091
9 11 10 100 0.0909018
10 11 10 100 6.90399e-06
1 12 10 100 0.000264414
7 12 10 100 0.813232
8 12 10 100 0.0955947
10 12 10 100 0.090909
0 13 10 100 2.4407e-06
7 13 10 100 0.1
8 13 10 100 0.485107
9 13 10 100 0.414881
10 13 10 100 9.53025e-06
0 14 10 100 2.09033e-06
7 14 10 100 0.2
8 14 10 100 0.2
9 14 10 100 0.299983
10 14 10 100 0.300015
7 15 10 100 0.142857
8 15 10 100 0.285715
9 15 10 100 0.142857
10 15 10 100 0.428571
0 16 10 100 0.000157551
8 16 10 100 0.5
9 16 10 100 0.49882
10 16 10 100 0.00102267
6 17 10 100 0.25
8 17 10 100 0.25
10 17 10 100 0.499999
0 18 10 100 8.86232e-06
9 18 10 100 0.999966
10 18 10 100 2.49908e-05
0 19 10 100 0.133903
10 19 10 100 0.866097
0 20 10 100 0.0168063
10 20 10 100 0.983194
1 1 11 100 1
0 2 11 100 0.00644571
1 2 11 100 0.111111
2 2 11 100 0.876793
3 2 11 100 0.0051714
7 2 11 100 0.000246884
8 2 11 100 4.64885e-06
9 2 11 100 0.000227086
0 3 11 100 0.0079329
2 3 11 100 0.767737
3 3 11 100 0.113347
8 3 11 100 1.09876e-05
10 3 11 100 0.110972
3 4 11 100 0.666667
4 4 11 100 0.333333
0 5 11 100 3.00816e-06
3 5 11 100 0.111585
4 5 11 100 0.555078
5 5 11 100 0.333334
0 6 11 100 0.0336529
3 6 11 100 0.111111
4 6 11 100 0.182811
5 6 11 100 0.66662
6 6 11 100 1.44966e-06
7 6 11 100 4.56116e-05
10 6 11 100 0.00575777
0 7 11 100 1.10891e-05
2 7 11 100 0.0870545
4 7 11 100 0.246679
5 7 11 100 0.111105
6 7 11 100 0.44404
8 7 11 100 0.111111
6 8 11 100 0.667912
7 8 11 100 0.332088
5 9 11 100 0.111111
6 9 11 100 0.333333
7 9 11 100 0.555555
2 10 11 100 1.29151e-05
7 10 11 100 0.333333
8 10 11 100 0.666654
2 11 11 100 1.56483e-06
5 11 11 100 0.111111
8 11 11 100 0.666665
9 11 11 100 0.222222
0 12 11 100 0.00100091
7 12 11 100 0.000130605
9 12 11 100 0.887888
10 12 11 100 0.110981
0 13 11 100 4.42332e-06
8 13 11 100 0.444444
10 13 11 100 0.555534
11 13 11 100 1.72708e-05
8 14 11 100 0.333334
9 14 11 100 0.111111
10 14 11 100 0.111111
11 14 11 100 0.444444
6 15 11 100 0.2
9 15 11 100 0.594608
10 15 11 100 0.0053928
11 15 11 100 0.2
0 16 11 100 3.2536e-05
4 16 11 100 0.01295
7 16 11 100 0.25
10 16 11 100 0.487018
11 16 11 100 0.25
0 17 11 100 0.000476418
9 17 11 100 0.333333
10 17 11 100 0.664768
11 17 11 100 0.00142236
10 18 11 100 0.666667
11 18 11 100 0.333333
10 19 11 100 0.500001
11 19 11 100 0.499999
11 20 11 100 1
1 1 12 100 0.693075
2 1 12 100 0.306913
4 1 12 100 1.21848e-05
1 2 12 100 0.000102329
2 2 12 100 0.424216
3 2 12 100 0.575681
0 3 12 100 9.01498e-06
2 3 12 100 0.14287
3 3 12 100 0.285699
4 3 12 100 0.571416
7 3 12 100 5.52403e-06
3 4 12 100 0.285714
4 4 12 100 0.285714
5 4 12 100 0.428571
5 5 12 100 0.571428
6 5 12 100 0.285714
10 5 12 100 0.142857
0 6 12 100 0.142859
5 6 12 100 0.0219738
6 6 12 100 0.406427
7 6 12 100 0.285714
11 6 12 100 0.142857
12 6 12 100 0.000168889
6 7 12 100 0.428571
7 7 12 100 0.571429
0 8 12 100 8.36557e-05
3 8 12 100 2.18316e-06
5 8 12 100 1.24958e-05
6 8 12 100 0.142857
7 8 12 100 0.142769
8 8 12 100 0.714275
0 9 12 100 0.000128259
8 9 12 100 0.156823
9 9 12 100 0.700075
10 9 12 100 0.142974
0 10 12 100 0.000195423
5 10 12 100 0.142857
7 10 12 100 0.428571
8 10 12 100 0.285714
9 10 12 100 0.131838
10 10 12 100 0.0108239
6 11 12 100 0.145171
8 11 12 100 0.854829
0 12 12 100 0.000151421
7 12 12 100 0.142857
9 12 12 100 0.565285
10 12 12 100 0.14885
12 12 12 100 0.142857
6 13 12 100 1.76002e-05
7 13 12 100 0.166667
10 13 12 100 0.666649
11 13 12 100 0.166667
0 14 12 100 0.000128695
8 14 12 100 0.333333
11 14 12 100 0.666071
12 14 12 100 0.00046656
9 15 12 100 0.166667
10 15 12 100 0.333334
12 15 12 100 0.499999
11 16 12 100 1
11 17 12 100 1
11 18 12 100 0.500001
12 18 12 100 0.499999
0 19 12 100 0.139817
12 19 12 100 0.860183
0 20 12 100 0.0087866
12 20 12 100 0.991213
1 1 13 100 0.75
2 1 13 100 0.25
2 2 13 100 0.718881
3 2 13 100 0.281112
6 2 13 100 7.11789e-06
0 3 13 100 0.02022
2 3 13 100 0.25
3 3 13 100 0.47978
4 3 13 100 0.25
2 4 13 100 0.125
3 4 13 100 0.25
4 4 13 100 0.5
5 4 13 100 0.125
3 5 13 100 0.125
4 5 13 100 0.25
5 5 13 100 0.625
4 6 13 100 0.25
5 6 13 100 0.25
6 6 13 100 0.5
1 7 13 100 4.71121e-05
5 7 13 100 0.375
6 7 13 100 0.0959899
7 7 13 100 0.124953
8 7 13 100 0.374383
10 7 13 100 0.00308814
13 7 13 100 0.0265395
5 8 13 100 0.125
6 8 13 100 0.5
7 8 13 100 0.125
9 8 13 100 0.25
0 9 13 100 0.000286124
3 9 13 100 6.00705e-06
7 9 13 100 0.499708
8 9 13 100 0.5
7 10 13 100 0.375
9 10 13 100 0.625
4 11 13 100 0.000253016
7 11 13 100 0.00210518
8 11 13 100 0.499316
9 11 13 100 0.00103749
10 11 13 100 0.497288
0 12 13 100 0.125041
9 12 13 100 0.249961
10 12 13 100 0.499912
11 12 13 100 0.125086
0 13 13 100 4.09733e-05
6 13 13 100 0.125
8 13 13 100 0.125
10 13 13 100 0.125
11 13 13 100 0.5
12 13 13 100 0.124959
0 14 13 100 0.00980465
9 14 13 100 0.27591
10 14 13 100 0.285714
12 14 13 100 0.428571
0 15 13 100 7.53301e-06
9 15 13 100 0.285707
11 15 13 100 0.428571
12 15 13 100 0.285714
0 16 13 100 0.00101977
10 16 13 100 0.285714
12 16 13 100 0.567174
13 16 13 100 0.146092
0 17 13 100 0.0411518
4 17 13 100 8.08601e-06
10 17 13 100 0.166667
11 17 13 100 0.166667
13 17 13 100 0.625506
0 18 13 100 0.005165
11 18 13 100 0.333333
12 18 13 100 0.333333
13 18 13 100 0.328168
12 19 13 100 1
13 20 13 100 1
1 1 14 100 1
1 2 14 100 0.285714
2 2 14 100 0.571429
3 2 14 100 0.142857
0 3 14 100 0.00281226
1 3 14 100 0.142857
3 3 14 100 0.808349
5 3 14 100 0.04598
7 3 14 100 1.73182e-06
0 4 14 100 1.46371e-05
2 4 14 100 0.571429
4 4 14 100 0.285714
5 4 14 100 0.142843
2 5 14 100 0.285714
3 5 14 100 0.142857
4 5 14 100 0.142857
5 5 14 100 0.428571
0 6 14 100 6.73054e-05
2 6 14 100 0.135234
3 6 14 100 0.142857
4 6 14 100 0.150417
5 6 14 100 0.142857
6 6 14 100 0.428567
3 7 14 100 0.142857
4 7 14 100 0.145994
5 7 14 100 0.282675
6 7 14 100 0.428473
0 8 14 100 0.142788
4 8 14 100 0.285714
7 8 14 100 0.571429
11 8 14 100 6.88512e-05
5 9 14 100 0.285714
6 9 14 100 0.285714
7 9 14 100 7.09373e-05
8 9 14 100 0.4285
0 10 14 100 1.10855e-05
4 10 14 100 3.40293e-06
5 10 14 100 0.142857
7 10 14 100 0.428557
9 10 14 100 0.428571
0 11 14 100 0.0397893
1 11 14 100 0.00061292
5 11 14 100 0.142857
7 11 14 100 0.285714
9 11 14 100 0.142857
10 11 14 100 0.283848
13 11 14 100 0.011523
14 11 14 100 0.0927984
5 12 14 100 8.84808e-05
6 12 14 100 0.285714
8 12 14 100 0.285714
10 12 14 100 0.428483
0 13 14 100 0.142855
7 13 14 100 0.142857
8 13 14 100 0.142857
9 13 14 100 0.428571
11 13 14 100 0.142857
12 13 14 100 1.92013e-06
8 14 14 100 0.142857
9 14 14 100 0.142857
10 14 14 100 0.571429
12 14 14 100 0.142857
0 15 14 100 7.3455e-06
9 15 14 100 0.28571
11 15 14 100 0.571429
13 15 14 100 0.142842
14 15 14 100 1.14444e-05
8 16 14 100 0.142857
10 16 14 100 0.428572
12 16 14 100 0.285714
14 16 14 100 0.142857
0 17 14 100 0.166771
9 17 14 100 0.333333
11 17 14 100 0.166567
13 17 14 100 0.333316
14 17 14 100 1.31834e-05
10 18 14 100 0.333328
11 18 14 100 0.333266
12 18 14 100 7.24739e-05
13 18 14 100 0.166667
14 18 14 100 0.166666
0 19 14 100 0.199999
8 19 14 100 0.00200265
12 19 14 100 0.6
13 19 14 100 0.197997
11 20 14 100 0.400001
13 20 14 100 0.399989
14 20 14 100 0.20001
0 21 14 100 0.000167477
11 21 14 100 0.25
12 21 14 100 0.25
13 21 14 100 0.248925
14 21 14 100 0.250907
12 22 14 100 0.666667
14 22 14 100 0.333333
13 23 14 100 0.989334
14 23 14 100 0.0106664
0 24 14 100 0.000454466
14 24 14 100 0.999546
1 1 15 100 1
2 2 15 100 1
3 3 15 100 0.747011
4 3 15 100 0.252989
4 4 15 100 0.5
5 4 15 100 0.499704
9 4 15 100 0.000296424
0 5 15 100 0.00714787
4 5 15 100 0.241915
5 5 15 100 0.500939
7 5 15 100 0.246745
8 5 15 100 0.00325356
0 6 15 100 0.000315574
2 6 15 100 7.77937e-05
5 6 15 100 0.579055
6 6 15 100 0.249452
9 6 15 100 0.170629
13 6 15 100 0.000469746
5 7 15 100 0.501851
6 7 15 100 0.25
9 7 15 100 0.248149
0 8 15 100 0.0161546
6 8 15 100 0.5
7 8 15 100 0.233845
10 8 15 100 0.25
3 9 15 100 0.252427
7 9 15 100 0.497573
10 9 15 100 0.249911
11 9 15 100 5.39406e-05
12 9 15 100 3.53255e-05
3 10 15 100 0.498944
7 10 15 100 0.251056
11 10 15 100 0.24998
12 10 15 100 2.00978e-05
4 11 15 100 0.25
8 11 15 100 0.499369
12 11 15 100 0.249999
13 11 15 100 0.000631311
7 12 15 100 0.25
8 12 15 100 0.25
9 12 15 100 0.25
13 12 15 100 0.25
7 13 15 100 0.25
9 13 15 100 0.5
14 13 15 100 0.25
0 14 15 100 0.000209026
8 14 15 100 0.25
10 14 15 100 0.25
11 14 15 100 0.25
14 14 15 100 0.249033
15 14 15 100 0.00075778
9 15 15 100 0.25
11 15 15 100 0.25
12 15 15 100 0.189794
13 15 15 100 0.0602062
15 15 15 100 0.25
0 16 15 100 6.12113e-06
10 16 15 100 0.333333
11 16 15 100 0.333333
14 16 15 100 0.333308
15 16 15 100 1.94186e-05
6 17 15 100 0.0835143
11 17 15 100 0.580277
13 17 15 100 0.00287525
15 17 15 100 0.333333
12 18 15 100 1
6 19 15 100 0.00092134
8 19 15 100 5.34848e-05
13 19 15 100 0.999025
0 20 15 100 1.04807e-05
14 20 15 100 0.999963
15 20 15 100 2.65992e-05
15 21 15 100 1
1 1 16 100 0.5
2 1 16 100 0.5
2 2 16 100 0.5
3 2 16 100 0.5
3 3 16 100 1
4 4 16 100 0.5
9 4 16 100 0.5
4 5 16 100 0.5
5 5 16 100 0.5
4 6 16 100 0.5
6 6 16 100 0.5
5 7 16 100 0.5
7 7 16 100 0.5
6 8 16 100 0.5
8 8 16 100 0.5
6 9 16 100 0.5
9 9 16 100 0.5
7 10 16 100 0.5
10 10 16 100 0.5
8 11 16 100 0.5
11 11 16 100 0.5
8 12 16 100 0.5
11 12 16 100 0.5
9 13 16 100 0.5
12 13 16 100 0.5
4 14 16 100 2.79092e-05
12 14 16 100 0.999972
10 15 16 100 0.5
13 15 16 100 0.5
0 16 16 100 1.26325e-05
11 16 16 100 0.5
14 16 16 100 0.499947
15 16 16 100 4.00752e-05
12 17 16 100 0.500001
15 17 16 100 0.499999
12 18 16 100 1
8 19 16 100 0.00068154
12 19 16 100 0.000166249
14 19 16 100 0.999152
13 20 16 100 1
14 21 16 100 1
0 22 16 100 3.47076e-05
15 22 16 100 0.999885
16 22 16 100 8.00771e-05
16 23 16 100 1
1 1 17 100 0.5
2 1 17 100 0.5
2 2 17 100 0.5
3 2 17 100 0.5
3 3 17 100 0.495596
4 3 17 100 0.504399
6 3 17 100 4.40488e-06
4 4 17 100 0.5
5 4 17 100 0.5
5 5 17 100 0.75
7 5 17 100 0.245209
8 5 17 100 0.00479053
6 6 17 100 0.75
8 6 17 100 0.00286573
9 6 17 100 0.247134
7 7 17 100 0.5
12 7 17 100 0.5
0 8 17 100 7.13328e-06
7 8 17 100 0.250001
8 8 17 100 0.499972
10 8 17 100 0.250001
17 8 17 100 2.01135e-05
7 9 17 100 0.249799
8 9 17 100 0.000201103
9 9 17 100 0.5
10 9 17 100 0.24981
11 9 17 100 0.000190466
8 10 17 100 0.249999
10 10 17 100 0.500001
11 10 17 100 0.25
6 11 17 100 4.73602e-05
9 11 17 100 0.249953
11 11 17 100 0.5
12 11 17 100 0.25
10 12 17 100 0.5
11 12 17 100 0.25
13 12 17 100 0.25
12 13 17 100 0.499999
14 13 17 100 0.250001
17 13 17 100 0.25
13 14 17 100 0.25
14 14 17 100 0.75
13 15 17 100 0.250318
14 15 17 100 0.249682
15 15 17 100 0.5
13 16 17 100 0.5
15 16 17 100 0.5
0 17 17 100 6.38215e-06
11 17 17 100 0.5
14 17 17 100 0.25
16 17 17 100 0.249975
17 17 17 100 1.90557e-05
0 18 17 100 7.10494e-06
3 18 17 100 0.5
16 18 17 100 0.249973
17 18 17 100 0.250019
3 19 17 100 0.333334
16 19 17 100 0.333333
17 19 17 100 0.333333
16 20 17 100 1
1 1 20 100 1
2 2 20 100 1
11 3 20 100 0.00787664
12 3 20 100 0.013159
14 3 20 100 0.978964
3 4 20 100 1
5 5 20 100 1
8 6 20 100 1
4 7 20 100 1
6 8 20 100 1
6 9 20 100 1
7 10 20 100 1
8 11 20 100 1
9 12 20 100 1
10 13 20 100 1
11 14 20 100 0.977193
12 14 20 100 0.0171139
14 14 20 100 0.00569269
13 15 20 100 1
15 16 20 100 0.990028
16 16 20 100 0.00997226
16 17 20 100 0.972974
18 17 20 100 0.0270258
17 18 20 100 1
18 19 20 100 1
0 20 20 100 2.92078e-05
19 20 20 100 0.999897
20 20 20 100 7.41268e-05
20 21 20 100 1
1 1 21 100 0.017981
2 1 21 100 0.982019
1 2 21 100 0.118452
2 2 21 100 0.598823
3 2 21 100 0.00228635
21 2 21 100 0.280438
0 3 21 100 0.233556
1 3 21 100 0.125244
2 3 21 100 0.206316
4 3 21 100 0.434884
3 4 21 100 1
4 5 21 100 0.666667
5 5 21 100 0.333333
0 6 21 100 0.0132874
4 6 21 100 0.320186
6 6 21 100 0.333334
16 6 21 100 2.53206e-05
21 6 21 100 0.333166
5 7 21 100 0.666667
7 7 21 100 0.333333
6 8 21 100 0.333333
7 8 21 100 0.666667
7 9 21 100 0.333333
8 9 21 100 0.333333
9 9 21 100 0.333333
10 10 21 100 0.666667
12 10 21 100 2.76085e-05
16 10 21 100 0.000447024
19 10 21 100 0.332859
6 11 21 100 0.333333
8 11 21 100 0.666667
7 12 21 100 0.333333
9 12 21 100 0.666667
10 13 21 100 0.666944
21 13 21 100 0.333056
11 14 21 100 1
0 15 21 100 5.42792e-06
3 15 21 100 0.000412002
10 15 21 100 0.333333
11 15 21 100 0.333333
13 15 21 100 0.14419
14 15 21 100 0.188725
11 16 21 100 0.666667
15 16 21 100 0.331329
17 16 21 100 0.00200385
12 17 21 100 0.666633
17 17 21 100 0.333333
19 17 21 100 3.33838e-05
13 18 21 100 0.666667
18 18 21 100 0.333333
13 19 21 100 0.666667
19 19 21 100 0.333333
0 20 21 100 5.28962e-05
14 20 21 100 0.666667
19 20 21 100 0.332668
20 20 21 100 0.000612433
15 21 21 100 0.666652
18 21 21 100 1.52786e-05
20 21 21 100 0.333333
16 22 21 100 0.999367
19 22 21 100 0.000632715
17 23 21 100 1
15 24 21 100 1.75068e-05
18 24 21 100 0.999982
19 25 21 100 1
0 26 21 100 0.000517284
19 26 21 100 0.49939
20 26 21 100 0.500093
20 27 21 100 1
11 1 22 100 1
2 2 22 100 1
3 3 22 100 0.906587
4 3 22 100 0.0934133
5 4 22 100 1
6 5 22 100 1
7 6 22 100 1
8 7 22 100 1
9 8 22 100 1
10 9 22 100 1
11 10 22 100 1
0 11 22 100 0.0126177
1 11 22 100 0.00760898
22 11 22 100 0.979773
12 12 22 100 1
13 13 22 100 1
14 14 22 100 1
15 15 22 100 1
16 16 22 100 1
17 17 22 100 1
18 18 22 100 1
19 19 22 100 1
20 20 22 100 1
10 21 22 100 1
21 22 22 100 1
1 1 24 100 1
2 2 24 100 1
3 3 24 100 1
1 4 24 100 1
3 5 24 100 1
4 6 24 100 1
5 7 24 100 1
5 8 24 100 1
6 9 24 100 1
7 10 24 100 1
8 11 24 100 1
8 12 24 100 1
9 13 24 100 1
2 14 24 100 0.00424943
9 14 24 100 0.995751
10 15 24 100 1
10 16 24 100 1
11 17 24 100 1
12 18 24 100 1
13 19 24 100 1
14 20 24 100 1
15 21 24 100 1
16 22 24 100 1
17 23 24 100 1
19 24 24 100 1
21 25 24 100 1
20 26 24 100 1
20 27 24 100 0.2227
21 27 24 100 0.7773
22 28 24 100 1
0 29 24 100 3.53993e-05
23 29 24 100 0.999903
24 29 24 100 6.19588e-05
24 30 24 100 1
4 1 27 100 1
3 2 27 100 1
4 3 27 100 1
0 4 27 100 0.00395466
1 4 27 100 0.0773862
2 4 27 100 0.49539
3 4 27 100 0.00123599
9 4 27 100 0.000122096
27 4 27 100 0.421911
2 5 27 100 0.499927
5 5 27 100 0.5
26 5 27 100 7.26293e-05
0 6 27 100 0.000941365
5 6 27 100 0.5
13 6 27 100 7.91214e-05
20 6 27 100 0.000417622
24 6 27 100 0.458885
27 6 27 100 0.039677
6 7 27 100 1
7 8 27 100 1
9 9 27 100 0.999892
27 9 27 100 0.000108304
7 10 27 100 0.5
8 10 27 100 0.5
8 11 27 100 0.5
9 11 27 100 0.5
10 12 27 100 1
10 13 27 100 0.5
11 13 27 100 0.5
12 14 27 100 0.502758
14 14 27 100 0.497242
11 15 27 100 1
12 16 27 100 0.5
13 16 27 100 0.5
13 17 27 100 0.5
15 17 27 100 0.5
1 18 27 100 0.000141441
13 18 27 100 0.499748
16 18 27 100 0.500001
24 18 27 100 8.016e-05
27 18 27 100 2.99718e-05
1 19 27 100 0.000500146
12 19 27 100 0.00896771
14 19 27 100 0.5
16 19 27 100 0.490532
14 20 27 100 0.5
25 20 27 100 0.5
16 21 27 100 1
17 22 27 100 1
18 23 27 100 1
1 24 27 100 0.00586192
2 24 27 100 0.000365529
16 24 27 100 1.55343e-05
18 24 27 100 0.468762
19 24 27 100 0.5
27 24 27 100 0.0249947
19 25 27 100 1
18 26 27 100 0.499992
21 26 27 100 0.500001
27 26 27 100 6.61851e-06
19 27 27 100 0.5
22 27 27 100 0.5
0 28 27 100 0.000214012
23 28 27 100 0.999786
20 29 27 100 0.499999
24 29 27 100 0.500001
20 30 27 100 1
0 31 27 100 0.499897
12 31 27 100 3.98466e-05
21 31 27 100 0.500006
26 31 27 100 5.65868e-05
22 32 27 100 1
25 33 27 100 1
25 34 27 100 1
25 35 27 100 1
26 36 27 100 1
2 1 28 100 1
1 2 28 100 1
0 3 28 100 0.000589538
8 3 28 100 0.99941
2 4 28 100 1
0 5 28 100 0.000114563
3 5 28 100 0.999885
4 6 28 100 1
5 7 28 100 1
0 8 28 100 7.79085e-05
5 8 28 100 0.999922
6 9 28 100 1
7 10 28 100 1
0 11 28 100 1.23104e-05
8 11 28 100 0.999988
9 12 28 100 1
7 13 28 100 1
0 14 28 100 0.000280808
8 14 28 100 0.999719
9 15 28 100 1
10 16 28 100 1
11 17 28 100 1
12 18 28 100 1
13 19 28 100 1
14 20 28 100 1
16 21 28 100 1
17 22 28 100 1
0 23 28 100 0.999988
8 23 28 100 1.17121e-05
18 24 28 100 1
0 25 28 100 0.0112958
28 25 28 100 0.988704
19 26 28 100 1
15 27 28 100 1
20 28 28 100 1
21 29 28 100 1
22 30 28 100 1
23 31 28 100 1
23 32 28 100 1
24 33 28 100 1
25 34 28 100 1
26 35 28 100 1
27 36 28 100 1
1 1 29 100 1
2 2 29 100 1
0 3 29 100 0.0101462
8 3 29 100 0.989854
3 4 29 100 1
3 5 29 100 1
0 6 29 100 0.0095062
3 6 29 100 0.990494
4 7 29 100 1
5 8 29 100 1
7 9 29 100 1
0 10 29 100 0.000176375
8 10 29 100 0.999824
8 11 29 100 1
13 12 29 100 0.000183245
15 12 29 100 0.999817
6 13 29 100 1
9 14 29 100 1
11 15 29 100 1
12 16 29 100 1
0 17 29 100 0.00373267
13 17 29 100 0.996267
12 18 29 100 1
13 19 29 100 0.970175
15 19 29 100 0.0298246
13 20 29 100 1
14 21 29 100 1
15 22 29 100 1
16 23 29 100 1
0 24 29 100 0.994501
8 24 29 100 0.000138485
13 24 29 100 0.00536014
17 25 29 100 1
18 26 29 100 1
19 27 29 100 1
20 28 29 100 1
21 29 29 100 1
10 30 29 100 1
22 31 29 100 1
23 32 29 100 1
24 33 29 100 1
25 34 29 100 1
26 35 29 100 1
27 36 29 100 1
0 37 29 100 2.66281e-05
28 37 29 100 0.999897
29 37 29 100 7.66724e-05
29 38 29 100 1
2 1 30 100 1
3 2 30 100 1
8 3 30 100 0.999959
30 3 30 100 4.09404e-05
4 4 30 100 1
5 5 30 100 1
6 6 30 100 1
7 7 30 100 1
9 8 30 100 1
9 9 30 100 1
10 10 30 100 1
11 11 30 100 1
27 12 30 100 1
12 13 30 100 0.999963
30 13 30 100 3.72503e-05
12 14 30 100 1
15 15 30 100 0.993826
30 15 30 100 0.00617432
13 16 30 100 1
16 17 30 100 1
17 18 30 100 1
22 19 30 100 1
23 20 30 100 1
14 21 30 100 1
19 22 30 100 1
20 23 30 100 1
20 24 30 100 1
21 25 30 100 1
22 26 30 100 1
23 27 30 100 1
24 28 30 100 1
1 29 30 100 0.11175
5 29 30 100 0.489965
17 29 30 100 0.35343
25 29 30 100 8.92585e-05
30 29 30 100 0.0447662
25 30 30 100 1
26 31 30 100 1
28 32 30 100 1
28 33 30 100 1
28 34 30 100 1
29 35 30 100 1
3 1 33 100 1
5 2 33 100 1
2 3 33 100 1
6 4 33 100 1
6 5 33 100 1
7 6 33 100 1
9 7 33 100 1
10 8 33 100 1
11 9 33 100 1
0 10 33 100 0.000445265
1 10 33 100 0.942119
4 10 33 100 0.0574359
12 11 33 100 1
13 12 33 100 0.999771
29 12 33 100 0.000229487
14 13 33 100 0.996865
30 13 33 100 0.00313477
31 14 33 100 1
15 15 33 100 0.980692
22 15 33 100 0.019308
23 16 33 100 1
24 17 33 100 1
8 18 33 100 0.343088
16 18 33 100 0.641549
19 18 33 100 0.0153629
17 19 33 100 1
0 20 33 100 0.940002
4 20 33 100 0.00234021
31 20 33 100 0.0576582
18 21 33 100 1
8 22 33 100 0.0154461
16 22 33 100 0.0153606
19 22 33 100 0.969193
20 23 33 100 1
0 24 33 100 0.991689
4 24 33 100 0.00234021
31 24 33 100 0.00595841
33 24 33 100 1.24684e-05
29 25 33 100 1
13 26 33 100 0.000411234
29 26 33 100 0.999589
14 27 33 100 0.00346435
30 27 33 100 0.996536
31 28 33 100 1
15 29 33 100 0.0100872
22 29 33 100 0.989913
23 30 33 100 1
24 31 33 100 1
25 32 33 100 1
26 33 33 100 1
0 34 33 100 0.870822
4 34 33 100 0.0709156
26 34 33 100 3.94242e-05
31 34 33 100 0.0581989
33 34 33 100 2.4491e-05
27 35 33 100 1
28 36 33 100 1
29 37 33 100 1
33 38 33 100 1
14 39 33 100 1.37341e-05
30 39 33 100 0.999986
15 40 33 100 0.0100872
22 40 33 100 0.989913
8 41 33 100 0.641737
16 41 33 100 0.343044
19 41 33 100 0.0151795
25 41 33 100 3.96715e-05
14 42 33 100 7.55378e-05
30 42 33 100 0.999924
0 43 33 100 0.121975
31 43 33 100 0.87508
32 43 33 100 0.00294514
32 44 33 100 1
